2.53351989898 -0.0834267368222 1.5440927629 -0.720122837089 -1.6446237261 -0.348891311522
2.4802873577 -0.0651007799889 1.5440927629 -0.728500417356 -1.633628152 1.23586762226
2.22808728509 -0.0286233992444 1.68005390931 -0.632856375978 -1.633628152 -0.158475893378
2.22808728509 -0.0300196626222 1.58720239469 -0.680678396667 -1.47794478538 3.5515704343
1.8456856525 0.0376991112 1.58842412514 -0.633903573511 -1.54060210446 3.45365746493
1.84498752081 0.0694641030444 1.58824959222 -0.5906194088 -1.47637398908 3.72976854789
1.81095360098 0.245567821567 1.58999492144 -0.458497986678 -1.59366011281 5.10438984331
1.81095360098 0.245567821567 1.58999492144 -0.620290005578 -1.63729334337 2.66424505772
2.33542503226 0.175231053911 1.58877319099 -0.4602433159 -1.58894772391 -0.319569780589
2.33542503226 0.177849047744 1.57585775474 -0.496197097878 -1.62001458407 0.0390953745778
2.60106413988 0.179943442811 1.56835283909 -0.180816107422 -1.75998998769 -0.532325412778
2.60106413988 0.179943442811 1.56835283909 -0.279078142633 -1.75998998769 0.362679412378
