0.000000	6 -0.138990430914 0.36669570751 0.117543323675 0.000659435728939 -0.0030279684486 -0.00761209487954
0.020000	6 0.131830809329 0.350116888844 0.0717475056171 -0.00289572400425 -0.00276946169958 -0.0084161224306
0.040000	6 -0.0643466787084 0.173675855163 -0.24593424708 -0.00217292414865 -0.000194700685863 -0.0204277748935
0.060000	6 -0.117145373604 0.287162064154 0.0766410591101 -0.0181575469346 -0.0117516865331 0.0011453806357
0.080000	6 -0.137369578845 -0.594808892013 -0.259740943914 -0.0233714478622 -0.0117412522229 -0.021879558541
0.100000	6 -0.0589956249415 -1.54354961504 -1.40403021888 -0.00785841560898 0.0467093124341 -0.084923271939
0.120000	6 0.0396872286759 0.209639016375 -0.317013523482 -0.0220498734128 0.0108775870566 -0.0339397397352
0.140000	6 -0.953507398634 2.35091508452 1.49486315769 -0.0523993082019 -0.0434661436056 0.0830764820818
0.160000	6 -0.792758330648 1.40887993001 0.839386435035 -0.0609683029799 -0.0168415954744 0.0486899255422
0.180000	6 0.887403624113 0.114960091282 0.178892384592 -0.0173787691636 -0.0272727151009 -0.0728535636678
0.200000	6 0.481629044895 -0.298450208417 0.329667170496 -0.0271696982726 -0.00649891168288 -0.0495500772003
0.220000	6 0.177549162482 0.26206645551 -0.322856965243 -0.00577918126754 0.000659295647738 -0.0263777651517
0.240000	6 -0.334121525995 0.547485707688 -0.38426480154 -0.0328564091735 0.0078442171576 -0.00545706534799
0.260000	6 0.966118012772 -0.209781259437 0.725184278693 -0.0440125763876 -0.0138102283579 -0.0310595009071
0.280000	6 0.946200452696 0.626577085211 0.709833978265 -0.0436451740068 -0.00746281098968 -0.0260953375962
0.300000	6 0.127178362251 -0.500997299578 -0.228385113738 -0.0690429170334 0.015190895543 -0.024667210387
0.320000	6 0.591162612256 -0.0961482190339 0.0148832798568 -0.0333735681533 0.0304269042558 -0.0159930385366
0.340000	6 0.449508502438 1.45998348313 0.448200650081 -0.0185178142178 -0.0114626422322 0.00505038701492
0.360000	6 0.232122867993 0.627248593253 -0.410972192158 -0.0360316817501 0.00979680388585 0.0101484449803
0.380000	6 0.228571947117 -0.278672034602 -0.769585545192 -0.0361032059427 0.0396462813618 -0.0365955021804
0.400000	6 1.52489947218 0.717061569048 -0.25486393054 -0.0198284613722 -0.00715575180207 -0.0285665641153
0.420000	6 1.27993664621 1.20016480599 0.51443063449 -0.0162595755753 -0.0103760595063 0.0193285734112
0.440000	6 0.625864065274 -1.32073230976 -0.536296867772 -0.0377152506225 0.0284734454981 -0.0837626354596
0.460000	6 2.4023046528 -0.301502813341 0.473432431397 -0.0167009305552 -0.0131810376181 -0.063168187626
0.480000	6 0.452518364672 0.24788338657 -0.785445556992 -0.0249172711358 0.0399866918206 -0.0113474794541
0.500000	6 1.52446581369 -0.155504438815 0.273886961732 -0.0497554840183 -0.021891960048 -0.0467568395574
0.520000	6 1.67752346177 1.00575489084 0.000932932224057 -0.0206436657379 -0.0130587275802 0.00434861333226
0.540000	6 1.25557008788 0.988950081109 -0.409756024404 -0.0263199780966 0.0246924840182 -0.0084397039704
0.560000	6 0.54044436115 0.725577053878 -0.335348824344 -0.0406841590182 -0.0108258716314 0.0016649825772
0.580000	6 2.92295657308 0.0580307820333 -0.0904233297967 -0.0362992745392 -0.031625582201 -0.0312946330559
0.600000	6 1.09620117409 0.620134693488 -0.783672947857 -0.0311597697872 0.00365148335504 -0.0148173524578
0.620000	6 1.60372841871 0.318905083259 -0.329542713482 -0.0540233621467 -0.009153978804 -0.0263862383638
0.640000	6 1.49986984244 0.616724728116 -0.208095003442 -0.0244850336211 0.0241173406496 0.0406178386347
0.660000	6 2.17042465679 0.461035225961 -0.362496848931 -0.0375287837506 -0.0166963856886 -0.00283995940851
0.680000	6 2.2307017927 -0.32329508056 0.178205397907 -0.050196324661 -0.0106605768133 -0.0353097032244
0.700000	6 1.43073097072 -0.820245232993 -0.675187804714 -0.0406416796476 0.0352870450109 -0.0538292347451
0.720000	6 2.60149367186 -0.600906024635 -0.593896587712 -0.0514795718254 0.00354325223462 -0.0214937989204
0.740000	6 2.57538201011 1.14243224847 0.151478967711 -0.0200769880117 0.00169027274273 0.0133163907166
0.760000	6 1.45799180038 0.15044989926 -0.979627752233 -0.048487966307 0.0220833700039 -0.033040489953
0.780000	6 2.67871451779 -0.399516181235 -0.502991425866 -0.0421759300418 0.0088849912224 -0.0426007961169
0.800000	6 2.67584105078 0.0011655604043 -0.711598787541 -0.0535635078664 0.0131179194909 -0.0322146419121
0.820000	6 2.08564201768 -0.804482749488 -0.223920325402 -0.0721595032396 0.0270691239402 -0.0479643680559
0.840000	6 3.04402114232 1.12377773338 -0.0405631794644 -0.0260132619469 -0.0260834935754 0.00736702657402
0.860000	6 2.1835293613 0.35298885944 -0.727286185863 -0.0265047809808 0.0352018597369 -0.0222029732186
0.880000	6 2.64272074873 -0.587981879096 -0.0670540497052 -0.0635738361424 0.0223569217959 -0.0522749873377
0.900000	6 2.43297554934 -0.0673781269553 -0.673657991191 -0.0453949654882 0.030912321955 -0.0341287410278
0.920000	6 3.16767258989 0.0168585094621 -0.504023783957 -0.0270691919904 0.00448157655128 -0.0168026366654
0.940000	6 3.44756763567 0.118289475181 -0.728520295126 -0.0454892404988 -0.00132080702384 -0.0141384238201
0.960000	6 0.92568681636 -0.84524510259 -1.87662547381 -0.0671041006062 0.0524081969698 -0.0386443178445
0.980000	6 2.3358030528 -0.120143781788 -0.328231123853 -0.0308455397864 0.0140860574849 0.00106710805512
1.000000	6 2.28954398957 0.0971416109757 -1.25056041634 -0.040679212098 0.0224943849271 -0.0105973568908
1.020000	6 4.0185245881 -0.814841983901 -1.17944096136 -0.0521442902691 0.0139109075491 -0.0398443828414
1.040000	6 2.66378514793 0.431483909325 -0.952803552982 -0.0339167572668 0.00477984041956 -0.00231278696244
1.060000	6 3.10579920128 0.0800179374808 -1.79635269118 -0.0382430734581 0.0197778755219 -0.0266719063088
1.080000	6 3.45463132418 -0.49826291649 -1.16129773462 -0.0502919119321 0.00769924476471 -0.0355258940706
1.100000	6 2.14114033819 -0.910126700894 -0.507719234689 -0.0554071304117 0.0307418615556 -0.017053771515
1.120000	6 2.43051909815 0.978436833591 -1.6487211837 -0.0213867495407 0.0206094994165 0.0146531434827
1.140000	6 2.90352929747 -0.150834830667 -1.19695475183 -0.0519861799639 -0.0035598188755 -0.00368817180193
1.160000	6 2.57547541079 -1.19604405074 -2.02765805959 -0.0590138909022 0.056823225419 -0.0493353267655
1.180000	6 4.46061075375 -0.883411836787 -1.75974134026 -0.0435477034647 -0.00812030404909 -0.0400751634293
1.200000	6 4.33999646126 -0.981804117676 -1.78534311679 -0.0461741551784 0.0191736471673 -0.0520475399185
1.220000	6 2.26287532829 -0.0661179506696 -2.22969124124 -0.0366353741799 0.0405299677497 -0.00851637838043
1.240000	6 3.8197539291 -0.390661993474 -1.91455071098 -0.0348164149963 0.0066204927609 -0.00165558207748
1.260000	6 4.52368830632 -0.974382688053 -1.4462995307 -0.043166141778 -0.00181330990445 -0.0332840743192
1.280000	6 3.22156339583 -0.490014087522 -1.83425138604 -0.0326019074903 0.0111736143194 -0.00275901142194
1.300000	6 2.798839944 -1.08912866661 -2.42192072856 -0.0482552307424 0.0372631429914 -0.0238652255312
1.320000	6 4.10199270645 -0.000653191620305 -2.43318739393 -0.0115904406083 0.02976773823 0.0380628222846
1.340000	6 3.909913578 -0.225626928079 -2.14832964655 -0.0478641979892 0.00837795658504 0.00312793012293
1.360000	6 3.14571094123 -1.37807494734 -2.09928468422 -0.0530590358952 0.0421619392615 -0.0267808129562
1.380000	6 3.73419802883 -0.409670848101 -1.77455021733 -0.0383268657001 0.0037506503818 0.0386384996106
1.400000	6 3.80339119684 -1.67254095935 -3.39574330654 -0.0454549234661 0.0483583180963 -0.0576143819058
1.420000	6 4.34816302746 -1.19010456306 -1.55298353328 -0.0384084578686 0.0237922119684 -0.00120066160293
1.440000	6 3.14696363016 -1.69421389213 -3.85611368104 -0.0555606413223 0.0666131365673 -0.0652191207821
1.460000	6 4.68297063224 -1.32866964606 -1.67223949406 -0.0383781329214 0.0133472627444 0.0191943352357
1.480000	6 3.16898994417 -0.324356791961 -2.75098467733 -0.0296177307953 0.0518369148094 0.0142791342808
1.500000	6 4.59598744691 -2.21551599269 -1.4209106201 -0.0789589856971 0.0215589656274 -0.0301200228895
1.520000	6 4.14698729439 -0.45373484969 -1.07921385757 -0.0226770189588 0.0354311775955 0.0417520325993
1.540000	6 4.26337769411 -2.25421124329 -2.26977282814 -0.0846789853966 0.0168479237795 -0.0279328201201
1.560000	6 5.11572400038 -2.70987237928 -2.32544465971 -0.0868243159054 1.58311138203e-05 -0.0665426453068
1.580000	6 2.62399563899 -0.697280108399 -3.64181749749 -0.00852347616152 0.107396044781 -0.0232577472753
1.600000	6 4.8817545844 -0.618222949298 -1.92020497485 -0.0280198096284 0.00329675789717 0.00282214248696
1.620000	6 2.89307382059 -1.71965785764 -3.69668622393 -0.0533299824337 0.0887323992101 -0.0174019027729
1.640000	6 4.11556384425 -0.184030132589 -3.26702459591 -0.00246461598877 0.0442798830704 0.0155087843734
1.660000	6 5.04994632532 -3.03498311827 -3.19805264698 -0.0757334117101 0.0210533052677 -0.0707636445338
1.680000	6 3.94701501385 0.454388776021 -4.65769709941 0.0239210092514 0.0643940417979 0.0197106766993
1.700000	6 5.21987903245 -3.02713264522 -3.36828379685 -0.0866116432414 0.0265712185184 -0.0550421948627
1.720000	6 4.79287401076 -2.42513197473 -2.28272911729 -0.0823206018917 0.024622567676 -0.0312510841679
1.740000	6 3.78423929752 -1.67849946733 -4.67635172291 -0.0300883507964 0.0728376099343 -0.0192816509381
1.760000	6 5.00614101303 -4.31909515592 -3.29696948056 -0.103487977206 0.029430795953 -0.0763183988685
1.780000	6 3.92270330589 -1.66222232358 -4.11831464718 -0.0308981673933 0.0448032811457 -0.0196736517308
1.800000	6 3.70834712766 -2.5573074177 -4.05942791957 -0.0622588293025 0.0816352518777 -0.0504519889659
1.820000	6 4.64907698397 -1.59899872421 -2.53937668621 -0.0418391150921 0.0191617108084 -0.00262281175101
1.840000	6 2.49711099162 -2.0760711829 -3.26216290173 -0.0367676205992 0.094357887386 -0.0177764300505
1.860000	6 5.27659778152 -0.139505993612 -5.12828183932 0.00891302005821 0.0248742832426 0.0171112827537
1.880000	6 3.92963910314 -4.20654660973 -3.36104235654 -0.141360406348 0.0843953450699 -0.06976176886
1.900000	6 4.25562134674 -4.17237625641 -4.20883317967 -0.0991220513997 0.0495726745086 -0.0671686298683
1.920000	6 3.14452744856 -0.984960193292 -5.39676947351 0.0299208535419 0.102241080142 0.00671032907147
1.940000	6 4.16168127956 -3.89892489914 -2.37024764371 -0.105108446717 0.0705986579741 -0.0426419814055
1.960000	6 3.05695307172 -4.47183750082 -4.03641816088 -0.0952878557136 0.0914461191194 -0.0783457630482
1.980000	6 3.27655313837 0.114201896024 -5.83119429962 0.0615082952157 0.0854570779531 0.0470407897013
2.000000	6 5.14732759773 -3.64773330239 -4.44200840505 -0.12213924978 0.0672059346286 -0.0535024010802
2.020000	6 3.8427896626 -4.55045799596 -3.49570914692 -0.110764772315 0.0619091540006 -0.0767746722636
2.040000	6 3.52186614105 -1.9336641846 -4.62613782909 -0.022709626275 0.106918621791 -0.00825707722851
2.060000	6 4.18111073774 -2.94096931571 -4.40267288518 -0.0455593596428 0.0856819006686 -0.0136360017762
2.080000	6 4.95473235855 -3.09924688154 -3.00447826375 -0.0755639553314 0.0141312694225 -0.0258872616286
2.100000	6 3.19301018857 -1.51646099573 -4.76091148271 0.00255923528607 0.0833642329635 0.0229250431526
2.120000	6 4.03398684328 -3.30034593983 -6.30150353231 -0.0595439537315 0.100641870575 -0.0542539248442
2.140000	6 5.14199612894 -4.44590686088 -4.72867260378 -0.103998503927 0.044528478197 -0.0560693205212
2.160000	6 4.15537586803 -3.55470610152 -3.31248395445 -0.069342627977 0.0715151046557 -0.0102647517791
2.180000	6 4.30792890783 -3.98117677575 -5.5845721817 -0.0718102723244 0.0886482926354 -0.0537621460331
2.200000	6 2.91414571856 -1.30415995613 -5.38598204186 0.0309457379423 0.086246852555 0.0166720855098
2.220000	6 3.51748118569 -2.60798863896 -4.6793321246 -0.0286323313832 0.0690650611449 0.0130478459263
2.240000	6 3.93564794604 -3.04258104204 -4.77343771772 -0.0672243604664 0.0889822193368 -0.00368619732082
2.260000	6 3.92032449513 -3.9308055157 -5.87264669736 -0.0805609769244 0.0856726789095 -0.0515183093814
2.280000	6 4.27586636791 -3.16132902345 -5.94869608866 -0.0598515472557 0.063966042741 -0.0241737917362
2.300000	6 4.17543292971 -3.11383828015 -4.91811883861 -0.0147262397256 0.0630531909459 0.0144703275806
2.320000	6 3.35966752822 -2.93241163185 -5.11234620591 -0.044731676131 0.105973777907 -0.00170326173856
2.340000	6 3.38613333501 -4.23888270087 -5.38446644065 -0.0908525157728 0.11528793369 -0.0671554077267
2.360000	6 4.2863481011 -2.89853133837 -4.25430891581 -0.0219848232483 0.0527545479478 0.00924648640646
2.380000	6 3.74756192237 -2.69367621724 -5.21394239965 0.0166412562144 0.079701237432 0.00978192167696
2.400000	6 4.10729634382 -4.48671785481 -6.92752482238 -0.0554001312406 0.0927458322786 -0.0407970725544
2.420000	6 3.03286886227 -4.3746494146 -5.9980627488 -0.096760487104 0.103139365721 -0.0719009750604
2.440000	6 4.04525328403 -2.9882208453 -5.69266203049 -0.000994858667581 0.0624195135565 0.00812682780829
2.460000	6 2.98572774098 -1.95309044179 -5.92903402816 0.0230095430272 0.0947595697307 -0.00193406925331
2.480000	6 3.65244686688 -4.76390217147 -5.54225719038 -0.0909276964691 0.0961442948147 -0.0284993361266
2.500000	6 3.92130043173 -3.33235848535 -6.9067250805 -0.0366261208712 0.0752608595314 -0.0168850313787
2.520000	6 3.22300668469 -3.55766820154 -7.73463734134 -0.0210260821539 0.104957020449 -0.034035822018
2.540000	6 3.63047674109 -3.5843111678 -5.53434755588 -0.0079231327919 0.0833439599151 0.0205306920414
2.560000	6 3.26416528356 -3.46266624378 -4.99333727674 -0.0279125131439 0.1048441431 -0.00144667830597
2.580000	6 3.46101449423 -3.20944833831 -5.5041843384 -0.0109358806414 0.0830425241638 0.0057872559542
2.600000	6 2.44721683321 -5.05656126998 -6.50560579171 -0.0910063687312 0.13343392601 -0.0569436548598
2.620000	6 3.77327782671 -3.06991045999 -7.89066521314 0.0220779759146 0.0730991512055 -0.0226273944065
2.640000	6 2.19466576928 -3.57711923289 -7.37173399394 -0.0188638058049 0.124656406488 -0.0441323862375
2.660000	6 2.51409982466 -3.60119214563 -5.79681251366 -0.0273267641508 0.107573341101 -0.0224804405153
2.680000	6 1.74700393824 -3.09026152508 -5.45882107518 -0.0178825340257 0.134570109187 -0.020610833903
2.700000	6 2.29745220848 -5.43499988098 -6.37965986499 -0.110792892712 0.144529063536 -0.057072109972
2.720000	6 2.12902000751 -5.8348306208 -6.54014346985 -0.0963578377985 0.146947923914 -0.042896224538
2.740000	6 3.25371718546 -4.83591719497 -7.65803401654 -0.0688065163563 0.112826300026 -0.0337583735271
2.760000	6 2.83505739545 -2.94095492965 -6.64890083413 0.0294723923518 0.0680242984996 -0.016653438285
2.780000	6 3.04211598339 -3.27876594918 -7.25467535471 0.0253445725403 0.0886676009685 -0.0236966837089
2.800000	6 1.41940662158 -4.15386489272 -6.29185802433 -0.0425449203712 0.148379185478 -0.0352131478057
2.820000	6 2.21768329586 -4.23473909514 -6.26198188667 -0.0252144115991 0.106358101187 -0.0169578986996
2.840000	6 1.43906301867 -6.10712486319 -6.37060526626 -0.139762619349 0.183792116049 -0.0880810654615
2.860000	6 1.35113515187 -5.6012690538 -6.32735314299 -0.111712107431 0.187568894346 -0.0285048626947
2.880000	6 2.86355205575 -5.40448500423 -7.8229233512 -0.0739021610388 0.114925686748 -0.0250447864931
2.900000	6 0.844986069772 -5.08546521976 -8.07150961497 -0.0870595247796 0.183516515023 -0.0690308969617
2.920000	6 2.36282320774 -4.29626281013 -8.041383094 0.00832447368162 0.0950926873219 -0.0353306308895
2.940000	6 1.55772967602 -3.67155770149 -7.34690376202 0.0158461988758 0.115572484561 -0.0478254149315
2.960000	6 3.20696404342 -3.73475034324 -7.88590918135 0.0293908701799 0.0782963567315 -0.00289609536032
2.980000	6 1.21025022359 -4.63985153053 -6.9230713143 -0.0402965839856 0.148425632466 -0.0185088413974
3.000000	6 2.46020849858 -4.61260819681 -7.14702730423 -0.0113204937367 0.113839391473 -0.00701703392219
3.020000	6 2.8472650061 -4.19728125297 -7.64614928612 0.0210091735145 0.078017983958 0.00815070214208
3.040000	6 2.0076386881 -4.84737076632 -7.40627660438 -0.021750926442 0.161430883433 0.0108073224737
3.060000	6 2.04841124987 -5.53281455371 -8.40489103838 -0.0755144283345 0.180837426357 -0.0370812296693
3.080000	6 0.185165260547 -5.43237497019 -7.64293612441 -0.0500661633083 0.184456313296 -0.0636393569268
3.100000	6 1.17603824435 -5.96009490328 -8.24941588482 -0.0606038842952 0.163366005521 -0.0511818747759
3.120000	6 1.43293022569 -4.4157124548 -8.6263519075 0.0245552941367 0.123015927102 -0.0405791536451
3.140000	6 1.62660279312 -4.77618316108 -9.35298029927 -0.0171444931814 0.118422512443 -0.0435164964789
3.160000	6 0.095299845333 -5.60784040137 -8.09819182789 -0.100859051891 0.195683682191 -0.0614000123305
3.180000	6 0.660017025248 -4.71841588853 -8.44734899893 -0.0328525516679 0.140749186449 -0.0500039996676
3.200000	6 0.743672512452 -6.68134149238 -8.14166471886 -0.0951481807823 0.191841855894 -0.0501932339112
3.220000	6 1.48084314279 -5.6506116491 -8.50487310285 -0.0438724103807 0.1294158989 -0.0287001960689
3.240000	6 1.47415659824 -4.672595988 -8.49344097979 0.0227788480922 0.100357275688 -0.019444857342
3.260000	6 1.23654408206 -4.90191438564 -8.92864224529 0.00821705527707 0.108588302424 -0.024498256281
3.280000	6 1.7842998573 -5.29301972655 -8.51548911291 0.00382533680276 0.114763673382 -0.0218055263421
3.300000	6 0.592012860402 -4.38673816467 -9.1555555905 0.0131687711641 0.128209281349 -0.0376671429416
3.320000	6 1.52712149006 -4.72700736929 -8.97294828413 0.0256966183956 0.113155963886 -0.0397399603841
3.340000	6 0.368576488946 -4.29593296034 -9.2705187185 0.0325438473093 0.139106818525 -0.0617516055345
3.360000	6 0.274530439162 -3.74964184073 -8.58388443876 0.0461192090627 0.133755081259 -0.0645099547924
3.380000	6 -0.445459562294 -4.35160571786 -8.32280464133 0.0122019942341 0.196136919606 -0.065480881036
3.400000	6 -0.0589751338275 -4.08014477962 -8.96283952387 0.0280586103793 0.131615523286 -0.0627019585137
3.420000	6 -0.275782417764 -4.5410524282 -8.69996496395 0.00654192110467 0.156240643182 -0.0555495494876
3.440000	6 0.124592153102 -5.07033317225 -8.52301374366 0.0108405739807 0.126569942915 -0.0531743717919
3.460000	6 -0.1903586463 -5.61491169813 -7.97089281175 -0.0145259763108 0.177892771039 -0.0412014456666
3.480000	6 0.227625808729 -5.86865039533 -9.2974559344 -0.0107419424534 0.139798876156 -0.0321037319931
3.500000	6 0.571777737634 -5.99783265239 -8.97175622268 0.0149690647328 0.130920624361 -0.00719639372624
3.520000	6 0.239829600935 -6.08805682792 -9.72078372286 0.00123831051497 0.124010158974 -0.0291064828558
3.540000	6 -0.155845543774 -5.43343049949 -9.23990361054 0.0056771448669 0.144251189898 -0.0398244194271
3.560000	6 -0.629331056121 -5.857647838 -8.16955732053 -0.0079732176432 0.188695127011 -0.0408357719773
3.580000	6 -0.0603976992426 -5.63696531274 -10.1866786687 0.0221433638357 0.101005613751 -0.0513910267135
3.600000	6 -0.374499231758 -5.17026946075 -9.71157768121 0.0254353355698 0.140170588517 -0.0496524697223
3.620000	6 -1.35709564921 -4.76444263955 -10.2099390616 0.0284050267637 0.1625812418 -0.0802806803567
3.640000	6 -2.65334078167 -5.52122594935 -8.89328295738 -0.0245020433656 0.229031626627 -0.0712134165138
3.660000	6 -1.7581984739 -5.52269254274 -9.60033582729 -0.0109678516361 0.184035087246 -0.0663074544325
3.680000	6 -2.56022179131 -5.84898754027 -8.42226833031 -0.0523787259487 0.263022277928 -0.0627162974421
3.700000	6 -2.43888478977 -6.08601139811 -8.97545473197 -0.0249738573903 0.239544293802 -0.0710622283648
3.720000	6 -2.04522094044 -5.54536255655 -9.98553390382 -0.00288018258442 0.192967935566 -0.0533664390467
3.740000	6 -1.86836849469 -5.63540205191 -9.48365250191 0.0183933849889 0.167726314038 -0.074048975372
3.760000	6 -2.48320903573 -6.57219465777 -8.05487269665 -0.035534194159 0.259349836578 -0.0594871322583
3.780000	6 -2.9869862548 -7.11696490943 -8.78550976663 -0.0346829967887 0.246511682072 -0.053148438949
3.800000	6 -2.44616053952 -6.88619273765 -8.63292891599 -0.0400546082812 0.25074264207 -0.00926648871022
3.820000	6 -1.85760250894 -6.07164335337 -8.75956579607 0.0146655335323 0.189818282075 -0.0435826520864
3.840000	6 -1.75591028512 -6.37544328446 -9.16767943773 -0.00646736121827 0.219408644518 -0.0408940074133
3.860000	6 -2.89816444187 -6.54543482833 -8.53199916662 -0.0104139 0.240840458424 -0.0566199264146
3.880000	6 -2.61327004392 -5.03232064184 -10.5269922813 0.0361961413715 0.153683996483 -0.0766470833396
3.900000	6 -3.07466969511 -5.10965949274 -10.1686063396 0.0396330414323 0.189323669796 -0.0792117835146
3.920000	6 -2.7284401977 -5.00410742488 -10.3716232576 0.0431798380522 0.169672290181 -0.116969186518
3.940000	6 -2.6530666974 -4.56923790982 -10.5230823693 0.047581707892 0.16690548161 -0.117422979338
3.960000	6 -4.03358586794 -5.10635683531 -9.82195284258 -0.00819936784492 0.256665802601 -0.10519627564
3.980000	6 -3.70093442554 -4.7147052298 -10.5756921422 0.0361198766708 0.17588584934 -0.12451526493
4.000000	6 -4.90580592861 -5.49901290558 -8.00123810859 -0.0241236619048 0.29921070187 -0.0899997848897
4.020000	6 -4.56504682975 -5.30057260462 -8.33658588947 -0.0203064464713 0.302008933698 -0.0978870246093
4.040000	6 -4.48948830109 -5.02713553017 -8.32199105127 0.00277935004971 0.293733006298 -0.104134847117
4.060000	6 -3.72585162592 -5.88380725798 -9.25279809004 -0.00282855249828 0.25963047913 -0.0701906860023
4.080000	6 -4.5485540024 -6.69839207908 -8.01581904175 -0.020661444314 0.299174935108 -0.0746049531059
4.100000	6 -3.61701847386 -6.33587659562 -9.22106128799 0.0112387468711 0.225336941383 -0.0694037157031
4.120000	6 -3.70609941351 -6.12921905099 -9.05341593568 0.0125919391496 0.217964999382 -0.0782236649684
4.140000	6 -3.70722792095 -6.55943447581 -10.4290356984 0.00451447887477 0.216226386807 -0.0654756378435
4.160000	6 -3.5950528701 -6.64693485983 -10.1547922444 0.0251538131265 0.172636104227 -0.0710941702243
4.180000	6 -5.07194164882 -6.16785121492 -9.32160450837 0.00587503072742 0.264608053943 -0.0878787743506
4.200000	6 -5.74214909855 -4.62917695274 -8.880136107 0.0214830828059 0.294192101607 -0.124408119059
4.220000	6 -5.28156894566 -5.16580794574 -8.84995282442 0.0144428627735 0.292900106945 -0.115755760996
4.240000	6 -5.15374140367 -5.73124352073 -8.76970150441 0.0173553588663 0.291118892115 -0.11876398446
4.260000	6 -4.8037899194 -4.95029253815 -10.1940556487 0.0356480855498 0.203944634588 -0.119474657935
4.280000	6 -4.93104772756 -5.13523089439 -9.83662258952 0.0361969254337 0.236814348095 -0.131143072705
4.300000	6 -5.40732925242 -5.04612460366 -9.25217757326 0.0460679799541 0.250696089164 -0.145639270434
4.320000	6 -5.4187291366 -5.22651048691 -11.1072485496 0.043702644774 0.170885364159 -0.132214328682
4.340000	6 -5.81152010003 -5.6995654898 -9.19825373829 0.0173216666724 0.298012327163 -0.103697654161
4.360000	6 -5.63828272659 -6.47303034953 -9.04596481828 0.00449268818113 0.320781515461 -0.0926058549725
4.380000	6 -6.40697540137 -5.94787828321 -9.02531657474 0.0150866267448 0.295394191642 -0.110273911298
4.400000	6 -6.11091566343 -6.27678635013 -8.45293636696 0.0101466394152 0.312014327809 -0.0797652551763
4.420000	6 -6.26327974623 -6.31137549612 -8.04114763741 0.0139166020677 0.330383889242 -0.102571679212
4.440000	6 -6.07517148904 -5.59077550969 -8.62241764718 0.0150495133941 0.324232750068 -0.112904485429
4.460000	6 -5.87260833455 -6.23881252811 -10.2890111609 0.0416827778779 0.200259419679 -0.123022661743
4.480000	6 -6.74597177653 -5.90435410283 -9.45144886408 0.0204606278106 0.267921786515 -0.135403803364
4.500000	6 -6.88611550216 -5.69621339223 -9.4457347731 0.0224882175262 0.266632601392 -0.138658386547
4.520000	6 -7.33038118962 -4.58186776984 -7.36818725355 0.0193210027874 0.339464577251 -0.167556198401
4.540000	6 -6.88908823253 -4.5388602156 -8.64593986314 0.0238399727364 0.309220648644 -0.177150905094
4.560000	6 -7.33644977912 -4.84925507899 -8.27497855157 0.0154699935453 0.326387217734 -0.153161171815
4.580000	6 -6.74916457631 -4.62660842122 -9.55404292891 0.0140976465869 0.229133923488 -0.182646113935
4.600000	6 -6.96840343914 -5.40221867603 -8.78938502517 -0.0342218298318 0.259668744405 -0.183751694799
4.620000	6 -7.17354188339 -5.64710094949 -9.94029419771 -0.0688317778952 0.274134821551 -0.172280644419
4.640000	6 -7.74829725804 -5.71417234127 -8.03116803414 -0.111213567225 0.3275609812 -0.162070715227
4.660000	6 -7.45977259476 -5.96433575376 -8.50933737647 -0.0991926955824 0.311908443005 -0.182280678605
4.680000	6 -7.56698257986 -5.89635510942 -8.35546381124 -0.102840705738 0.341015925504 -0.18217584653
4.700000	6 -7.65745789553 -6.56060835176 -7.90211485896 -0.114397564978 0.346094063564 -0.14394474597
4.720000	6 -7.70282848421 -6.79754060782 -8.69470679355 -0.0966384760173 0.274733066536 -0.1635417015
4.740000	6 -8.25697457387 -6.55595884573 -9.87319214336 -0.101526175472 0.234154625717 -0.174011978504
4.760000	6 -8.10330466451 -6.54800308969 -10.2918819486 -0.0915169735543 0.23170322428 -0.194511701758
4.780000	6 -8.36441282507 -5.01586265523 -7.59032938067 -0.10726625299 0.341452078632 -0.218553820991
4.800000	6 -8.4065497762 -4.9317779049 -7.24084827216 -0.105555768659 0.365884795211 -0.239062584875
4.820000	6 -8.49608972906 -4.63112220272 -7.47000680232 -0.098963165674 0.333361293921 -0.251190461066
4.840000	6 -8.31692091386 -5.24680778892 -10.3013576218 -0.103814616461 0.212674228139 -0.230924556298
4.860000	6 -8.52822241086 -5.26620419258 -8.70655332142 -0.0891640742157 0.267020115007 -0.226163291681
4.880000	6 -9.20271294112 -6.34926625063 -9.18210885647 -0.0938528151467 0.263945766743 -0.198805999719
4.900000	6 -9.61749575983 -6.43369478507 -8.72524595877 -0.0863695052613 0.310005032772 -0.178611155106
4.920000	6 -9.54561096005 -6.15328081438 -8.81023593738 -0.0901541446109 0.319118436561 -0.180587149175
4.940000	6 -9.12638577542 -6.07505718946 -7.40441302387 -0.100007983432 0.367612886973 -0.2016809373
4.960000	6 -9.22952114972 -5.88475599942 -7.10101054636 -0.0908432493549 0.353377163655 -0.207433108709
4.980000	6 -9.53335984948 -4.90718016827 -9.59918163262 -0.0910955512749 0.265871895635 -0.217730560626
5.000000	6 -9.98496449773 -5.41736810165 -9.30623462981 -0.0872417642638 0.24836392774 -0.223760410918
5.020000	6 -9.6359142944 -4.05465673705 -7.45634665707 -0.0949421888597 0.36478644938 -0.260106278464
5.040000	6 -9.52970774717 -4.13567633731 -7.29862019943 -0.093644592127 0.352845996282 -0.230253610726
5.060000	6 -9.31819165203 -5.83423964113 -7.84143283678 -0.110556326081 0.310253114273 -0.235559943674
5.080000	6 -10.5910908763 -6.32249856089 -8.03648264712 -0.102157202813 0.324647144961 -0.204219890194
5.100000	6 -10.1203871001 -5.23275815714 -9.54247629809 -0.0909253004167 0.251892513421 -0.26182623412
5.120000	6 -10.6252233959 -4.79826908147 -10.6126737376 -0.110480290608 0.232028151221 -0.273736889557
5.140000	6 -10.1488326802 -4.63947580684 -7.29654078349 -0.0951728093228 0.387130015357 -0.245826894517
5.160000	6 -9.92170155835 -6.1256883107 -8.46098123319 -0.124694341083 0.333777597517 -0.182917906808
5.180000	6 -9.76488964747 -4.84536344865 -8.19867841465 -0.104232503331 0.344442887023 -0.206719453993
5.200000	6 -10.0191874965 -1.83959507815 -8.50568695365 -0.10807837056 0.303688484621 -0.357138885038
5.220000	6 -10.3082343813 -6.11465304933 -8.81014427462 -0.123874213952 0.34059797939 -0.151607825592
5.240000	6 -10.1588924877 -5.7198637073 -8.57996949764 -0.132092592655 0.342357070905 -0.16822758291
5.260000	6 -10.0935922244 -6.41394100542 -8.04670915306 -0.103181634518 0.357236197936 -0.137973150408
5.280000	6 -9.85491759229 -5.22259682041 -8.01328413368 -0.11935924737 0.365946888464 -0.155386725477
5.300000	6 -10.6252277258 -4.09305909826 -8.44429160989 -0.127189651346 0.342251558186 -0.233687393602
5.320000	6 -10.219573624 -3.25127893647 -8.91371081186 -0.11656690695 0.313275509176 -0.224413989174
5.340000	6 -9.84407476016 -5.42691961046 -8.8901694807 -0.117813056181 0.341307432107 -0.135409581601
5.360000	6 -10.1046123219 -4.28006110235 -8.08363608838 -0.122403105967 0.349691133692 -0.206501696812
5.380000	6 -9.84420392695 -4.65236083288 -9.06171968104 -0.117155493526 0.322750252977 -0.17472685225
5.400000	6 -9.74426546775 -4.84029995612 -8.88760044305 -0.110777781445 0.344735707207 -0.133692872977
5.420000	6 -10.0473688227 -3.26822072268 -8.78980509527 -0.122317512368 0.333190301381 -0.233585044919
5.440000	6 -9.37287622929 -5.85714024593 -9.86620852998 -0.136412273104 0.322437823165 -0.123881512823
5.460000	6 -9.88117055124 -3.75620960253 -8.97882008948 -0.120280951733 0.341282476919 -0.185644088809
5.480000	6 -9.55307495929 -4.68789225272 -8.94137338888 -0.106669015683 0.358290967643 -0.116529854585
5.500000	6 -10.2396678507 -3.47143255883 -9.33637410171 -0.125689039703 0.322241485181 -0.179326670232
5.520000	6 -10.2488529667 -3.34553389642 -8.89489803719 -0.12397654857 0.343549338928 -0.19529617887
5.540000	6 -10.0696294877 -5.30851806072 -9.40347634832 -0.119922250823 0.349613926871 -0.0798006118183
5.560000	6 -9.98399722678 -3.86121029876 -9.44870592451 -0.132521837886 0.327957276664 -0.153905621344
5.580000	6 -9.6254607026 -4.51173019346 -9.40128873477 -0.115583358744 0.368754884097 -0.096912456701
5.600000	6 -10.0638456554 -2.47256179783 -10.3698374188 -0.110075231619 0.302566291618 -0.19478154579
5.620000	6 -9.64044317589 -2.36915091978 -9.53438701326 -0.11784768808 0.326214320738 -0.175785151661
5.640000	6 -9.62060773691 -4.7121381993 -9.2357285303 -0.126706478041 0.352753899465 -0.0809394174367
5.660000	6 -9.63232332152 -4.42610241727 -10.0614326038 -0.133113321363 0.305537719748 -0.10243612321
5.680000	6 -9.62075718125 -4.59383059633 -9.34853489244 -0.127763489387 0.338019182137 -0.0738422086678
5.700000	6 -10.2450937526 -1.7139837999 -10.4077979044 -0.124973513708 0.296336513345 -0.192122697348
5.720000	6 -9.17647415879 -4.19630305703 -9.71236496346 -0.135482696634 0.344131776067 -0.0586372565982
5.740000	6 -9.86689216058 -3.25788642662 -9.75437408285 -0.139485770127 0.333008752521 -0.119964612493
5.760000	6 -9.241291947 -3.18966534392 -10.5328272323 -0.140446752876 0.315880011305 -0.0866558842607
5.780000	6 -9.50396842448 -2.57546767132 -9.99920658584 -0.13522796115 0.329663045466 -0.111666997924
5.800000	6 -9.86890530406 -2.54426784864 -11.0666299049 -0.14570220268 0.285092634954 -0.130502501101
5.820000	6 -9.41874285602 -3.59969208319 -9.61806706417 -0.14222502116 0.336588562161 -0.0413422851446
5.840000	6 -9.93575141049 -2.21096368207 -10.5614130059 -0.14225435848 0.322068846218 -0.129118060832
5.860000	6 -9.36025183243 -2.68334153064 -10.4159005615 -0.135324511832 0.329750919528 -0.0534841890493
5.880000	6 -9.26994033913 -2.90436377888 -10.8645348503 -0.146903482853 0.330286133767 -0.0742527595185
5.900000	6 -9.34911952454 -2.03857181092 -10.9154473909 -0.139328984089 0.292905156481 -0.0962536574369
5.920000	6 -9.30891443077 -3.8488053353 -9.59906058998 -0.165973020323 0.322313280226 -0.0330113661016
5.940000	6 -9.69168025369 -2.00489574294 -11.6920743778 -0.154335821601 0.278700727604 -0.113476021879
5.960000	6 -9.58595950913 -1.95218723824 -9.97499764805 -0.138733459409 0.332804547537 -0.10429927774
5.980000	6 -9.74398467613 -0.810525738981 -11.2856806511 -0.144497391053 0.277314595043 -0.151362983396
6.000000	6 -8.85320961324 -2.57052843662 -10.3450299794 -0.144109135354 0.335096887316 -0.0310578062501
6.020000	6 -9.44551780841 -1.12399890744 -11.2630355475 -0.15489407876 0.309328601888 -0.0989869561498
6.040000	6 -9.44064638409 -2.12710954475 -10.2616370853 -0.157065563228 0.314942541086 -0.0540622947849
6.060000	6 -9.19902656975 -2.73151317594 -11.3268964984 -0.164741787366 0.27329758732 -0.0363197980078
6.080000	6 -9.5827495064 -0.561272583852 -10.3973839983 -0.161028928629 0.324975883165 -0.102778030521
6.100000	6 -9.17194808728 -3.00965853003 -11.2259273971 -0.176100985523 0.290344822276 -0.015456249177
6.120000	6 -9.45799758833 -1.07636990091 -10.5692391415 -0.160628501911 0.333165475177 -0.0883499507176
6.140000	6 -9.18210927666 -2.09270271541 -11.4577683649 -0.16807339693 0.292858354998 -0.0250122669459
6.160000	6 -9.87177524448 -0.0440937797047 -9.83330202316 -0.1596056089 0.319763075581 -0.122510478857
6.180000	6 -9.40016302461 -0.866666932942 -11.9562741811 -0.163228439504 0.261755400145 -0.0716251139793
6.200000	6 -9.16955115584 -1.42223752191 -10.5851661897 -0.180898539714 0.318837901622 -0.0383945498479
6.220000	6 -9.12546721772 -0.383793729339 -12.2842174031 -0.154026220214 0.260399990634 -0.118775047994
6.240000	6 -9.00220054628 -1.32504392203 -10.4950987197 -0.191054969514 0.320106037866 -0.0353030672258
6.260000	6 -9.39371671755 0.596595760873 -12.4198034695 -0.149818766234 0.234421647642 -0.129975946203
6.280000	6 -8.66340049502 -1.95945494652 -10.2429729242 -0.197725859206 0.315678965367 0.0065072838744
6.300000	6 -9.1449189377 -1.0253306331 -12.473168965 -0.169856546236 0.246531877753 -0.0566055343318
6.320000	6 -9.07295436651 -0.771429313391 -10.7268884768 -0.185262073063 0.306099406933 -0.0427098599182
6.340000	6 -9.17110831359 0.068379008006 -12.1496298967 -0.167225235125 0.241758842452 -0.0840167491546
6.360000	6 -9.35907441431 0.590527498328 -10.8734319757 -0.168523231977 0.310797160872 -0.0978284166216
6.380000	6 -8.32869617283 -1.47625537443 -11.6412185705 -0.203506541083 0.266053783031 -0.0139184663963
6.400000	6 -8.4561525194 -0.453704967851 -11.8082638294 -0.181719792591 0.278273116229 -0.0271099840029
6.420000	6 -8.34184612513 -1.53740571253 -11.0895569599 -0.210978198994 0.279851637155 0.0123357765039
6.440000	6 -9.28324085772 1.2030353814 -12.755073763 -0.162094521599 0.227809714344 -0.0915770420288
6.460000	6 -8.55097970781 -1.27531860387 -10.5727684653 -0.214436223846 0.300921371492 0.0505848738258
6.480000	6 -8.38452940379 -0.505740695895 -11.5800429726 -0.204852007774 0.259808290084 -0.0350672483136
6.500000	6 -8.03974126986 -0.309977164617 -12.1988995861 -0.202228381373 0.247506470495 0.0118100704162
6.520000	6 -8.73854547998 0.222796259156 -10.7401333189 -0.209297739819 0.287886987348 -0.0344454398625
6.540000	6 -8.10515581749 -0.366643621416 -13.1940850516 -0.189983287781 0.202783581256 0.0129182366335
6.560000	6 -9.16283429923 0.731833658871 -10.1787732788 -0.20256533496 0.32304555411 -0.0225596512668
6.580000	6 -7.95743287237 -0.296096747319 -12.9890073268 -0.20692845704 0.228819172611 -0.00275437481659
6.600000	6 -7.76503137026 0.0769288894892 -13.4842666165 -0.206802641435 0.205949781399 4.52900014794e-05
6.620000	6 -8.92458587762 1.35121429285 -10.3635698271 -0.212983839929 0.305288088969 -0.0334908194282
6.640000	6 -7.27120505492 -0.289715866014 -13.3444983511 -0.212863757048 0.198522704721 0.0442600955261
6.660000	6 -8.78054310728 0.946045736572 -12.3803655496 -0.211024528837 0.249463310143 -0.0314281379224
6.680000	6 -8.2062632847 -0.77335008572 -11.2187243476 -0.244415275211 0.257298453644 0.0703663182653
6.700000	6 -8.44502444354 1.86045320858 -13.4280977162 -0.185946765415 0.192912424314 -0.0344887353979
6.720000	6 -8.20104087422 -0.390531627967 -11.5160695367 -0.249330992557 0.252298482636 0.0631043486207
6.740000	6 -8.26812751406 -0.296714361233 -10.2934668619 -0.257063890463 0.288567573816 0.0360089582928
6.760000	6 -7.15722252534 0.917912714322 -14.2908480691 -0.210524701081 0.15289031258 -0.000934486735749
6.780000	6 -8.15718914692 1.80167763252 -12.9935772469 -0.223347728159 0.224112446452 -0.0191797979802
6.800000	6 -9.19840595418 1.27454746935 -10.3006697012 -0.247164400664 0.302838849673 -0.000124221597822
6.820000	6 -7.05519536016 -0.309590455742 -13.4370914783 -0.239108094224 0.173391382874 0.0406970613448
6.840000	6 -7.90877600295 1.49189171567 -12.7264343561 -0.235392531458 0.221054727505 0.0277224056546
6.860000	6 -8.42699766483 0.322125467866 -10.2110982252 -0.273839470852 0.273121825291 0.0659896102734
6.880000	6 -7.13908605668 2.16624455834 -13.7771790312 -0.216957215548 0.164428922796 -0.00932827914997
6.900000	6 -6.88916388763 1.50305392877 -14.6950349583 -0.240189486917 0.154520754247 0.0212438228261
6.920000	6 -8.76485283378 1.9659748561 -11.6174342118 -0.260367157475 0.261045348411 0.0281774163345
6.940000	6 -7.2980946837 0.00375530280016 -11.6014337033 -0.299934681522 0.201655638292 0.0804068441932
6.960000	6 -7.86303578504 3.4911373998 -13.9839600378 -0.219257513715 0.176607535233 -0.0440075971543
6.980000	6 -7.33532416206 1.39666912795 -13.6015891529 -0.273235206544 0.185207746838 0.0704088598581
7.000000	6 -8.08640351156 1.22532936044 -11.5226253999 -0.269893899995 0.255664054346 0.0471747773432
7.020000	6 -6.80231629369 0.560760406752 -11.6869466146 -0.295419966255 0.20680560752 0.076414100432
7.040000	6 -8.08484625987 4.27634297988 -13.2202725747 -0.213271834281 0.181621797375 -0.0527952817103
7.060000	6 -6.58453708708 1.74801112086 -14.2066253714 -0.254553897117 0.12992891571 0.063581375448
7.080000	6 -7.22650748551 0.674736465892 -12.8313740471 -0.300968759288 0.222668772775 0.0772758433961
7.100000	6 -7.81422034457 0.314227452133 -11.5190779384 -0.338280510279 0.250484599746 0.0903883804251
7.120000	6 -8.66258779847 4.65541695875 -12.3443479449 -0.243105176248 0.18509856356 -0.0277930679032
7.140000	6 -6.46059674762 3.12998443827 -14.4435702284 -0.253586282797 0.105285976317 0.0372256711612
7.160000	6 -6.52855048985 1.61642201476 -14.1432093643 -0.278033609027 0.148722847689 0.0505815236713
7.180000	6 -6.68158292398 0.348753887914 -12.1489954766 -0.342260894668 0.200411386773 0.116341307224
7.200000	6 -8.16558174127 3.67859294249 -11.5772961784 -0.279191063195 0.233895294224 0.000309576777477
7.220000	6 -8.75346196656 3.96449332786 -11.2062975279 -0.300450902489 0.220874048052 0.0158815472525
7.240000	6 -7.34246593132 3.22321867849 -12.3432810193 -0.295705561867 0.168443282771 0.0150806512807
7.260000	6 -6.55196062562 2.52004126999 -13.454393777 -0.308728776957 0.133938104332 0.046547700566
7.280000	6 -6.6841346162 4.57638062992 -15.0483663254 -0.246439915369 0.115852228158 -0.00117894709425
7.300000	6 -6.55110933202 4.18548231835 -14.8320421756 -0.260926546491 0.111638780501 0.0393176121917
7.320000	6 -7.49001507826 2.65612661405 -12.5568508792 -0.31670689969 0.189171334568 0.0432820129539
7.340000	6 -7.58264921695 2.17567942057 -11.7367326817 -0.358013470657 0.197502425071 0.0846655685908
7.360000	6 -8.77468382562 5.13168702193 -11.1897457002 -0.27275968368 0.204279956462 -0.0219777995718
7.380000	6 -7.48750673186 3.64014679916 -11.6672294633 -0.348037328805 0.162311156886 0.044910569598
7.400000	6 -7.52656855215 2.60211953261 -11.2970911221 -0.344584413291 0.173165573284 0.0647404040941
7.420000	6 -5.31913241428 2.43802353979 -13.7262492022 -0.333582035646 0.0879215246647 0.0892230293283
7.440000	6 -6.14611459079 5.71704897949 -14.9592088599 -0.24600686062 0.0834497080556 -0.000507625401997
7.460000	6 -4.54840504833 2.91477149218 -14.6195134218 -0.319798549493 0.051004753274 0.0865655562381
7.480000	6 -5.75123268025 4.55843894753 -15.0345566897 -0.294167757861 0.0806726070807 0.0203773554374
7.500000	6 -5.07591993643 3.68418140869 -14.7913473135 -0.281567330411 0.0506276136469 0.063489967283
7.520000	6 -5.80783415095 5.26560186985 -14.9648165359 -0.236477470364 0.0762174058636 -0.00643837928489
7.540000	6 -5.21111976953 3.68796400594 -14.4981171993 -0.321748778857 0.0582300786792 0.0823467956715
7.560000	6 -5.73971235588 4.85569332007 -14.7664435921 -0.2883273735 0.0887913219214 0.0321768875264
7.580000	6 -5.39533124143 4.68169455989 -14.3868197557 -0.300635687386 0.0728272058544 0.0308756256746
7.600000	6 -6.08567601806 6.13870062563 -14.5613341009 -0.270894069183 0.0814172295812 -0.00910646376481
7.620000	6 -5.92131475799 5.33424865806 -14.015041859 -0.274443601863 0.0735777764138 0.016244578092
7.640000	6 -5.71116389844 5.58453665221 -14.2006453492 -0.30452079903 0.0732901780556 0.0117682687083
7.660000	6 -5.27187920696 4.06653997444 -13.3533632574 -0.337706686592 0.0750167663562 0.0603153031986
7.680000	6 -5.29000534787 4.4618366184 -13.5944909922 -0.340898045281 0.063526621582 0.0380575981057
7.700000	6 -6.16290991189 3.66566153768 -12.0976957504 -0.386688273282 0.119539309147 0.0693071874465
7.720000	6 -4.98120826269 3.33078578672 -13.3149925749 -0.405622022138 0.0735894155515 0.0832369294288
7.740000	6 -6.57973852844 4.09414749964 -11.9296215358 -0.385957889589 0.138907352895 0.0338419758802
7.760000	6 -5.64979961042 2.19846966488 -11.5689293003 -0.481679660302 0.102196291575 0.120251066675
7.780000	6 -6.77322756798 4.16976554171 -12.5883591089 -0.391439033081 0.11856872762 0.0297657394731
7.800000	6 -6.15673071142 4.32843223771 -12.8636065876 -0.400744293109 0.0918279681146 0.0510781115795
7.820000	6 -5.35473793871 6.49380990962 -14.6874062424 -0.297593381455 0.0554203131124 0.00863714209714
7.840000	6 -5.63457700533 6.54022215938 -14.5752378705 -0.305188443883 0.049373918489 -0.00889576225938
7.860000	6 -4.5378939924 5.21882636077 -13.7293995281 -0.351587251582 0.0472721953345 0.0299195035729
7.880000	6 -6.75392600474 5.72425325776 -12.6370879735 -0.391245240659 0.108421640422 0.0172441721416
7.900000	6 -5.43858352783 3.62720597937 -12.7558602707 -0.476548596906 0.0746873341599 0.0668199322371
7.920000	6 -5.05176260542 5.56632586868 -13.7285549583 -0.378529479492 0.0452825999501 0.0307127955399
7.940000	6 -4.485312325 6.16704849117 -14.2814975808 -0.33551167565 0.002690720872 0.0338919944175
7.960000	6 -3.43458047487 5.69162623491 -14.3684245279 -0.356773610327 -0.0384223884602 0.0557061127754
7.980000	6 -6.89072661596 5.800234572 -12.3297836428 -0.371673508445 0.115667991408 -0.0119260675317
8.000000	6 -4.50530891207 4.54478233229 -13.6363991917 -0.440489406204 0.0198791092992 0.0659653460821
8.020000	6 -4.68297202684 6.9420586392 -14.401527245 -0.32039715838 0.0157214422454 -0.00254924141512
8.040000	6 -5.0827343664 5.93912811978 -13.2277231307 -0.39084079684 0.0225728967755 0.0298383851129
8.060000	6 -5.45031901515 4.51140872309 -12.8769777689 -0.486444607546 0.0580544898091 0.0470942865106
8.080000	6 -5.03506236664 7.60694348532 -14.0475819631 -0.322617196101 0.0383073948547 -0.0154780246312
8.100000	6 -3.30051891863 5.88754669554 -14.0758091648 -0.358079594296 -0.0318879927014 0.0202062510726
8.120000	6 -6.48913513442 6.0702254358 -13.0463138477 -0.445331354214 0.0793284300292 -0.0020811738557
8.140000	6 -5.92094659908 8.57160611069 -14.2944791735 -0.343782942977 0.0373087852827 -0.0347037891246
8.160000	6 -3.58619858055 5.90162573092 -13.2175477034 -0.431164182155 -0.018019653234 0.0506650612412
8.180000	6 -5.7894285027 5.56736328025 -12.8681335067 -0.453280134178 0.0563682255282 0.0240472623587
8.200000	6 -4.05867443461 7.43506854684 -13.4269690926 -0.333589526934 -0.00940863257095 0.013863098638
8.220000	6 -5.35249187349 6.02112895134 -13.5892208985 -0.487540706847 0.0199611863289 0.0192453725426
8.240000	6 -4.64454752101 8.1518086307 -14.1938712108 -0.336351460026 0.0115031422818 -0.0231653373478
8.260000	6 -5.08098207629 5.85674072763 -13.2960984485 -0.470191883712 0.00551480604529 0.00640312613592
8.280000	6 -3.5361909356 5.78188586125 -14.1162646525 -0.458274533239 -0.0402705177532 0.0401362166071
8.300000	6 -3.97499148952 7.14913735905 -13.5203121993 -0.37935032465 -0.0220549302205 0.0121979451619
8.320000	6 -4.91483295035 7.87340198718 -14.0967016239 -0.412851485663 0.00125180314157 -0.0226980423382
8.340000	6 -4.20558137147 6.33171395972 -12.9537253761 -0.494890085633 -0.0152627104184 0.00588155170009
8.360000	6 -4.43971354457 8.12982979238 -14.0661497281 -0.409941063074 -0.0243808214455 -0.0122612315756
8.380000	6 -4.93604527958 7.13775195489 -13.985736995 -0.450416718371 0.00603652465581 -0.00738436658118
8.400000	6 -2.94637852937 7.51197234018 -13.8783652447 -0.435328169833 -0.081537817261 0.0271347489161
8.420000	6 -5.30960597734 8.19255766744 -14.1291418176 -0.439214903297 -0.00408594495097 -0.0288742926578
8.440000	6 -4.75256133346 9.24340943719 -13.0126593918 -0.337626007509 0.0207303230476 -0.0232502913831
8.460000	6 -2.77501798906 7.77839682713 -13.5541644976 -0.438512359525 -0.0811881567508 0.0206810790297
8.480000	6 -4.46549345719 8.30553653177 -13.9276016195 -0.435374175226 -0.042178733176 -0.027809157275
8.500000	6 -5.79290004532 8.25050676538 -13.4647063642 -0.424526842096 0.0263138315077 -0.0473524250292
8.520000	6 -3.12075333622 7.3061737967 -13.1774024993 -0.410247797504 -0.0431789212275 -0.00456733336617
8.540000	6 -3.56647200969 7.01703092863 -13.649169925 -0.517147891963 -0.0736218393713 0.00933533266727
8.560000	6 -4.36483316069 8.47148861369 -14.0212696089 -0.435321378502 -0.0235700573162 -0.0424763459168
8.580000	6 -4.95889554846 9.25066972181 -13.2566518618 -0.37451808283 -0.00992439496204 -0.048831215049
8.600000	6 -2.8487053493 7.700932711 -13.0027248692 -0.434389200806 -0.0806629261116 -0.0144861437765
8.620000	6 -2.01772612582 7.68547833467 -13.6744094673 -0.436677597631 -0.124955084628 -0.00336113719326
8.640000	6 -3.91301877105 8.36921146212 -13.7370729883 -0.465982276902 -0.0811940321558 -0.0116721875003
8.660000	6 -4.19388567327 11.462028434 -13.9835219468 -0.295074001707 -0.0631736800337 -0.0429117942834
8.680000	6 -3.70518605979 9.55923964664 -14.4093169944 -0.419781440939 -0.0291067906834 -0.0761901082198
8.700000	6 -2.57761707251 8.19415468077 -13.2840337342 -0.471004793634 -0.0630572350867 -0.0849940792806
8.720000	6 -3.65035320644 5.97241128676 -13.7008452155 -0.616492357297 -0.0641043057937 -0.087013757966
8.740000	6 -3.11892278353 6.67783211565 -12.679378965 -0.552802298454 -0.103048756236 -0.0454693374828
8.760000	6 -4.81146040189 9.4167084374 -14.2532581379 -0.454498340579 -0.0188880589959 -0.126525432019
8.780000	6 -3.42702289512 8.90989090727 -14.375751942 -0.477681050723 -0.036852062766 -0.12329852669
8.800000	6 -2.86295185674 8.32043948869 -13.8692708862 -0.49408373428 -0.0718683865329 -0.147073502941
8.820000	6 -3.0482044307 7.09652899038 -13.9870673491 -0.568387740561 -0.0973629781955 -0.0788869949134
8.840000	6 -3.14633078043 6.09218603353 -13.8850647066 -0.658025817574 -0.092787777445 -0.100899487911
8.860000	6 -4.05363130424 9.89528141839 -13.2346272453 -0.481411038462 -0.0899724378681 -0.0723898444636
8.880000	6 -3.28262373603 9.71583612061 -13.7134686728 -0.475717319556 -0.0961825966655 -0.101322061194
8.900000	6 -4.48801711727 12.1878483719 -13.1930779237 -0.35656830856 -0.061094427913 -0.0787747236525
8.920000	6 -5.02829505994 11.8378374334 -13.1307837036 -0.330923308648 -0.0503164967469 -0.0775735652574
8.940000	6 -1.79413834301 10.2993959715 -14.6003253165 -0.417982346698 -0.0908388614443 -0.158593163062
8.960000	6 -1.92349553706 10.1865919247 -13.1343697339 -0.418035939293 -0.177578978615 -0.0648827083753
8.980000	6 -2.09505830969 10.2790522897 -12.6300982557 -0.417558814162 -0.161282645218 -0.0610459941931
9.000000	6 -2.26244492659 7.26174266472 -13.6053934825 -0.61822652475 -0.112491195578 -0.106990581623
9.020000	6 -2.00729471479 8.83792685872 -13.021799423 -0.535574229111 -0.13428481179 -0.0797393201024
9.040000	6 -0.835633092625 9.57941020123 -12.8429300722 -0.488628808787 -0.177966441567 -0.0574506779765
9.060000	6 -2.36237239397 7.56083071858 -13.065371978 -0.623719385783 -0.130414367618 -0.160795514401
9.080000	6 -3.1772030539 8.65873552754 -12.4932616656 -0.574340948007 -0.132370274113 -0.12279262386
9.100000	6 -3.29328703481 9.80381951239 -12.3943207422 -0.48516724285 -0.11152177424 -0.0817702706545
9.120000	6 -2.46237619605 9.11555220418 -12.4027170858 -0.54508535666 -0.137492669885 -0.121888969452
9.140000	6 -2.58923050199 8.23710972173 -12.9064036226 -0.591370643853 -0.148575586867 -0.177396281273
9.160000	6 -2.66314289028 9.14985288102 -12.7049517601 -0.574343873561 -0.151658495337 -0.157182494676
9.180000	6 -0.897053491561 9.51327170929 -13.0351232084 -0.514955580544 -0.177241920839 -0.114954914108
9.200000	6 -2.53378475671 8.92924455314 -13.3552680663 -0.56598840627 -0.1257913495 -0.192113062723
9.220000	6 -1.60115810279 9.51954871047 -13.3433402843 -0.537490328256 -0.180330726715 -0.184604970187
9.240000	6 -2.01343867532 10.2357938579 -12.9803554231 -0.487093764938 -0.144486172955 -0.12521534087
9.260000	6 -1.4524371129 10.4992316696 -12.4483992896 -0.451164093442 -0.160406414577 -0.0980864285362
9.280000	6 -2.26252629671 11.351752 -13.3606267347 -0.47483993166 -0.143652973949 -0.161135129994
9.300000	6 -1.75645454112 10.9348943405 -13.6259406107 -0.464404082365 -0.144672515616 -0.181416288599
9.320000	6 -2.1626939744 11.0089087973 -13.1252767425 -0.478863633782 -0.156601922095 -0.146492198937
9.340000	6 -2.80156554409 10.761743908 -12.5790620727 -0.504593874593 -0.145302248494 -0.169103186476
9.360000	6 -1.38289599513 11.0007652645 -13.3570297263 -0.474000600369 -0.173883029233 -0.149778952272
9.380000	6 -1.26447205351 12.2050654839 -13.1694295163 -0.457629252967 -0.203455239169 -0.160631594984
9.400000	6 -1.94144342749 11.8229042817 -13.2761627574 -0.467441656427 -0.183643894908 -0.184275373011
9.420000	6 -1.11129933103 10.7511463917 -13.3873868903 -0.502035978833 -0.182069314217 -0.177995173061
9.440000	6 -0.53963985877 10.5502295667 -13.2006685524 -0.518975839479 -0.206718595659 -0.186154819498
9.460000	6 -2.5038616758 12.8929234975 -13.4050517379 -0.457109826341 -0.169821434527 -0.173433490371
9.480000	6 -0.842791665617 10.9912285817 -13.6259174225 -0.506816716835 -0.192702234801 -0.165099222991
9.500000	6 -1.6629681525 10.4269910668 -13.0368364175 -0.527141764947 -0.176778003666 -0.183321527173
9.520000	6 -1.63363074265 12.8298690607 -13.2296839944 -0.45320338416 -0.198226352246 -0.207302875374
9.540000	6 -0.655667840519 12.4992401487 -13.2495561124 -0.414245341864 -0.219504572028 -0.183221044565
9.560000	6 -1.56286354315 10.3767081024 -12.9250345937 -0.542832862465 -0.170159906948 -0.205440373427
9.580000	6 -1.95659709151 10.331143021 -12.8791278302 -0.538544286237 -0.190219528229 -0.222061671865
9.600000	6 0.116197483557 14.8127811181 -13.3630495299 -0.373517681453 -0.25939052987 -0.202049915201
9.620000	6 -2.33848593576 11.5074743085 -12.5870424664 -0.479776943177 -0.169625036873 -0.192008868644
9.640000	6 -0.652469716525 11.0628074507 -12.9297323176 -0.463304494543 -0.231011474098 -0.208344370114
9.660000	6 -0.497061655241 13.343845541 -13.7452979713 -0.42928546418 -0.2279365307 -0.226662773617
9.680000	6 -2.39855502805 11.2345160726 -13.1268069153 -0.486752656799 -0.187319125789 -0.199312536549
9.700000	6 0.587658035271 11.4148243834 -13.1100201925 -0.468847970962 -0.251909522535 -0.210575921899
9.720000	6 -2.15363959129 11.5877044758 -13.2598091941 -0.505691516507 -0.198775947138 -0.247628105784
9.740000	6 -0.507704210189 12.6404311287 -13.3931419198 -0.432185353849 -0.237937870346 -0.229289676954
9.760000	6 -0.252843592993 11.6615365644 -13.3003568083 -0.509552515748 -0.240325329419 -0.237187521867
9.780000	6 -2.98648717696 12.2544370674 -14.0304695739 -0.466528850187 -0.165838904194 -0.228050596798
9.800000	6 0.713808608369 12.9913782973 -13.8021261886 -0.453194593081 -0.274283720242 -0.239905246829
9.820000	6 -0.894441295071 11.6485499966 -13.8370090238 -0.507853471626 -0.226647506257 -0.276050841782
9.840000	6 -1.75681206968 13.1157916019 -13.5622938862 -0.441355266913 -0.209822592131 -0.208437067736
9.860000	6 0.36405513552 12.3786450741 -13.7072507822 -0.479563001009 -0.259910170614 -0.248350967815
9.880000	6 -1.41833805689 12.1394482368 -13.6221761 -0.497366259199 -0.224162729924 -0.259760505394
9.900000	6 -0.288490866645 12.9548846914 -13.0173000915 -0.45269092106 -0.2456035278 -0.281659878422
9.920000	6 -1.50903173275 13.1895725664 -12.9959092231 -0.459801385685 -0.22021189021 -0.263435494576
9.940000	6 0.454823956286 12.1210502791 -13.0066314341 -0.471122369368 -0.272413240349 -0.270273971328
9.960000	6 -0.395654660453 12.2641852707 -13.0573951423 -0.492333373468 -0.242005989337 -0.27085649451
9.980000	6 -1.16422492899 13.2365865447 -13.3379282763 -0.452739689496 -0.21823340722 -0.234108812518
10.000000	6 0.687773730852 13.0052618506 -13.2226137189 -0.457844237555 -0.279751870074 -0.255984669836
