1.000000	6 -0.00263136561045 0.274061327884 -0.0606290453235 -0.00634730141742 0.0033922424482 -0.00503247396363
1.020000	6 -0.038155343363 -0.0876020865686 -0.162073369652 -0.00407107337356 -0.00620598783328 -0.00310444350542
1.040000	6 0.0314799388637 -0.318238318997 -0.28857308292 -0.0133089938082 0.00171145500367 0.00278744346045
1.060000	6 -0.165802147571 0.822979754059 -0.643544247098 -0.100783293132 0.00856809830927 0.0337405104841
1.080000	6 -0.407843947848 -0.191498605497 0.00876621116776 -0.0766010017954 -0.00455401041392 0.00281154214886
1.100000	6 -0.154690453334 -0.0381111487522 -0.184156131787 -0.079993197639 -0.00226055952491 0.00745957870556
1.120000	6 -0.0331376873339 -0.922488976221 -0.375865110231 -0.0702995858941 -0.00434786055439 -0.0225749218312
1.140000	6 -0.297388440648 0.595420400896 -0.858199816572 -0.0728802388102 0.00492995503242 0.0348727672201
1.160000	6 -0.241802284267 0.241897735436 0.0951392430139 -0.0863272274873 -0.00788552700747 0.0212594613701
1.180000	6 0.515176449438 -0.292097295717 -0.606024674967 -0.061263389377 0.013675339213 0.00773242569305
1.200000	6 -0.442328083995 -0.228397869833 0.0439023982949 -0.0873725664379 -0.00485898635313 0.00511831706875
1.220000	6 -0.128155573534 -0.14930906292 -1.21945827784 -0.0874318212012 0.00916717403038 0.00486260571164
1.240000	6 0.430313090302 -0.984613793205 -0.82374705148 -0.0603240863574 0.0158478680636 0.00237810531464
1.260000	6 0.0514121743802 -0.961043185808 0.124423631919 -0.0440905806041 -0.00430611872155 -0.0168299632969
1.280000	6 0.0581509228436 -0.507486085271 -0.402933055967 -0.0727478520894 -0.00140962194659 0.0162864693452
1.300000	6 -0.157176266022 1.35619175101 -0.231740280771 -0.0971891682852 -0.0100721435921 0.070551251277
1.320000	6 -0.260835025812 0.210911100738 0.219996257851 -0.09054802173 -0.0223491174195 0.0504392023836
1.340000	6 0.0886221795941 -0.598450911128 -1.01915032413 -0.0657631373848 0.0205499713063 0.0323391774226
1.360000	6 0.126110943188 -1.83827641623 0.283684901367 -0.055760102753 -0.0215926932441 -0.0174002158774
1.380000	6 0.121393975912 -0.587031145007 -0.273830518099 -0.0745638422582 0.0127069873682 0.0199809258615
1.400000	6 -0.0546249747597 0.666494190118 0.115292569194 -0.107110123034 -0.0171481701966 0.0592941593688
1.420000	6 0.0670117386706 0.552027259023 -1.1963215807 -0.0707839797179 0.019759984152 0.0407537093649
1.440000	6 0.387965911681 -0.924288767074 0.0545513178275 -0.05080586287 -0.00195138965966 -0.0142092573995
1.460000	6 0.310483726272 -0.637900312619 -0.763061482468 -0.0706562919991 0.00876593667045 0.0143021994541
1.480000	6 0.119790982936 0.0983567448566 0.72485706811 -0.108835578103 -0.0105208134225 0.0435887921142
1.500000	6 0.278803505353 1.32152849732 -0.0631993775325 -0.0909524107023 -0.00729882810316 0.0705331696751
1.520000	6 0.343886371846 -0.531428202311 -0.142056971694 -0.0643512881947 0.00487560522964 0.00229365969308
1.540000	6 0.690403642727 -0.676086984909 -0.997179238364 -0.0380877767215 0.0165215179278 0.0043860331133
1.560000	6 0.560555523003 -1.08023353177 0.372253857799 -0.0827232149355 -0.0109820194611 0.00929944971585
1.580000	6 0.463746010873 0.1766046165 -0.168597014055 -0.108210218267 -0.00311447538972 0.0596168121303
1.600000	6 0.342248876684 0.707873235089 -0.0218579774281 -0.0966966549154 -0.016686205816 0.0612161942748
1.620000	6 0.249529918516 0.091696568433 -0.643641105496 -0.0808683292342 0.0102817639397 0.0402487468101
1.640000	6 0.85271928712 -1.23796302691 0.0992401982247 -0.0461627290584 -0.000501681749545 -0.00243365048373
1.660000	6 1.07757345539 -0.3739340473 -0.19462611408 -0.0733741511542 -0.00613307632003 -7.57212246925e-05
1.680000	6 0.70768806897 0.483026549301 -0.29829425719 -0.102921334712 -0.0139459528057 0.059212315064
1.700000	6 0.397776276795 0.766266071976 -0.383155827478 -0.0828461987991 -0.000144493729395 0.0549360819573
1.720000	6 0.633600227682 0.473825604653 -0.66939378647 -0.0616194076346 0.015113712007 0.0473440098473
1.740000	6 0.705164701734 -0.837277115608 -0.396470273449 -0.0448925584886 0.00231363011949 0.00287642393775
1.760000	6 1.43153424661 -1.17340284469 -0.276441972884 -0.0651262484663 -0.0002423510029 0.0041725508833
1.780000	6 1.22532757152 -0.872459507622 -0.104815581694 -0.091564571198 -0.00834256998394 0.00369094542498
1.800000	6 0.898014531974 0.0759386106056 0.0255405521817 -0.109002204845 0.0090388728412 0.0593183465798
1.820000	6 0.47781846178 0.583190277751 -0.26190761861 -0.0747388007506 0.00313584700801 0.0706329744681
1.840000	6 0.682031019221 -0.0469811780082 -0.954760060372 -0.064481203984 0.0219061589014 0.0181787950218
1.860000	6 1.45671083293 -1.22811746448 0.178275790542 -0.07110701301 -0.00506866029755 -0.00928218563714
1.880000	6 1.30084908714 -0.905540086167 -0.351309362786 -0.0736913415569 -0.010051197353 0.00699820420586
1.900000	6 1.55637999266 -0.370641673377 0.158658063757 -0.100708645643 -0.00459875494191 0.015347482291
1.920000	6 0.630639375863 0.969290900245 -0.681409834067 -0.0764004816351 0.00272874637758 0.0731919003749
1.940000	6 0.676977721779 0.836042467048 -0.417691925134 -0.0772036587068 0.00762655009365 0.0781366863314
1.960000	6 0.824943424207 0.311511161303 -0.802633493737 -0.0565077740008 0.00813478397895 0.0381108793154
1.980000	6 1.20136068903 -0.791653647616 -0.214082039264 -0.0530090172479 -0.000889581804837 -0.0091847118871
2.000000	6 1.75091758204 -1.45952432093 -0.375861125929 -0.0796728055833 0.0120406566363 -0.00149639157997
2.020000	6 1.76319348428 -0.842040165396 0.353309009586 -0.0799600264021 -0.0202147082638 -0.0019010222469
2.040000	6 1.09523745116 1.01067249148 -0.282557069266 -0.0963013360801 0.0213011569581 0.0854238304582
2.060000	6 0.901624176065 0.819430475773 0.282143135126 -0.0795312164135 0.0132918810094 0.0810059282799
2.080000	6 1.02362059912 0.757867571647 -0.823740207992 -0.0790402916039 0.0224602942114 0.0716454586
2.100000	6 1.84435247296 -1.47346230023 -0.354695877272 -0.060427705692 0.00292461181351 -0.0204644941442
2.120000	6 2.14359667249 -1.3486593508 -0.581739104695 -0.0653611160647 0.00401514441198 -0.0264233689826
2.140000	6 2.18509530152 -1.66708449027 0.13486373419 -0.0747931070694 -0.0269991608727 -0.0270963096578
2.160000	6 1.88772959372 -0.843989324706 -0.522837750388 -0.0911945927728 0.00671609436147 0.01438468821
2.180000	6 1.14963217549 0.531273029206 -0.0133529554513 -0.0946780684991 0.0191572507386 0.0665847066786
2.200000	6 1.08079905644 0.986575693727 -0.732205948287 -0.0793422950729 0.0243115744282 0.0941655700676
2.220000	6 1.34630871068 0.221400750716 0.0677200961883 -0.06070644153 0.00400568902195 0.0445216551518
2.240000	6 1.59626508634 -0.881084983441 -0.564628445355 -0.0625344644262 0.00663819609968 0.0103395778639
2.260000	6 2.11805713941 -1.51764888175 -0.123749744616 -0.0673889044676 0.00745621887475 -0.00749434927399
2.280000	6 2.16848583598 -1.47313028881 -0.314021422783 -0.0644391129151 -0.00369487667662 -0.0289047643327
2.300000	6 1.84650764276 -1.00411372957 -0.0860698379599 -0.0880250189431 -0.0023125378631 0.0214878627094
2.320000	6 1.72968052056 -0.162117585428 -0.782914724666 -0.101992941597 0.00213993214241 0.0427308093119
2.340000	6 1.64323369299 0.0245843226631 -0.476126265437 -0.101917493838 0.0305917843418 0.0682947418388
2.360000	6 1.55719471601 0.55864200621 -0.41678315273 -0.0745397962825 0.0157416130498 0.074560275058
2.380000	6 1.65026289059 0.8375899947 0.0125670057071 -0.070733214303 0.0103146436868 0.0841915975497
2.400000	6 1.8269332015 0.0788229139395 -0.292019046208 -0.0670784477211 -0.00231278324028 0.0349386747991
2.420000	6 2.31319444517 -1.19840293009 0.0544583838393 -0.0736509563284 0.00109775696155 0.00247858470471
2.440000	6 2.49677221975 -2.06640321915 -0.032374525248 -0.0722267505929 0.0039822205645 -0.0295012821538
2.460000	6 2.43529996844 -1.54003130932 -0.416620195354 -0.074084999286 0.00604665576581 -0.0129402750325
2.480000	6 2.18935501646 -0.808112472977 0.363523689212 -0.0892894910726 -0.0208687287914 0.0114136371561
2.500000	6 2.21042420623 0.195573872331 -0.625053162482 -0.0983426305344 0.00885530463308 0.0680325494117
2.520000	6 1.72170868441 -0.120412666448 -0.32440089958 -0.0914765878377 0.00329659386067 0.0527941622383
2.540000	6 1.92610091854 1.06367918188 -0.957564581245 -0.0758914573892 0.0237835565696 0.0895770857931
2.560000	6 1.82970605131 0.399931556367 -0.217289764039 -0.0707914577443 0.00592318220764 0.0597394678531
2.580000	6 1.83597249816 0.911532310065 -0.332261787994 -0.0676846219335 0.0126960039483 0.0973856483512
2.600000	6 2.23681187069 -0.903969510522 -0.130939881465 -0.0682682181288 -0.0180752418465 -0.00342411960813
2.620000	6 2.01986709235 -0.695495063301 -0.215728062253 -0.0683722718173 -0.000729074282325 0.0315425568785
2.640000	6 2.5802551628 -1.32413305327 -0.0491406208483 -0.0702846754905 0.0048892478573 0.00336186371637
2.660000	6 2.83410650241 -1.49306228113 -0.159026096743 -0.0623957429338 0.0115367607792 -0.0114662938318
2.680000	6 2.72595013327 -1.39447699751 0.578834411437 -0.0695711941297 -0.0137587518381 0.0170315476434
2.700000	6 2.75980776194 -0.981926099297 -0.591542269149 -0.074789645134 0.00342182041647 0.0212223056826
2.720000	6 2.89718773571 -0.938577068237 -0.0634724569123 -0.0814801057115 -0.00307945463821 0.0406065689492
2.740000	6 1.99016290434 -0.0586063051645 -0.911145407772 -0.0865728871923 0.02455987288 0.0502445754207
2.760000	6 2.39201628875 -0.109609715881 -0.563045538214 -0.0891316929979 0.0144124139335 0.0517560659896
2.780000	6 2.55395760593 0.0952121668568 0.267650791835 -0.0755413719469 0.00597177393975 0.061528114419
2.800000	6 2.53083486648 0.429042442825 -0.600847577208 -0.0745592679975 0.0173189237023 0.0587227562132
2.820000	6 2.76308212785 -0.297751889927 0.0807752314396 -0.082263317207 -0.00106821040378 0.0490420041902
2.840000	6 2.74189937795 0.334307195773 -0.161440146944 -0.077691807885 0.0272280386428 0.0619550364482
2.860000	6 2.6685556974 -0.158557672222 0.145108988283 -0.0717796695296 -0.01007471442 0.0330147044037
2.880000	6 2.64714666532 -0.402268947479 -0.318702859996 -0.0724063268998 0.0125655019698 0.0411027885042
2.900000	6 3.01771478403 -1.16040754138 0.336447305729 -0.0720725081889 -0.00783772449438 0.0328864912225
2.920000	6 3.46868752096 -1.49083625336 -0.306768009989 -0.0612340035537 0.0161032657192 0.00631187946495
2.940000	6 3.22199973052 -1.76599851198 0.273946934888 -0.0759953095442 -0.0140993962444 0.00144559994329
2.960000	6 3.14248498647 -1.50601525374 -0.153811657844 -0.0691580152704 0.0146347500121 0.0162174234618
2.980000	6 3.31690104639 -1.35324077354 -0.0800272309453 -0.0820579938601 -0.00843759494013 0.0408607544653
3.000000	6 3.10589166999 -1.20259894885 -0.631765321846 -0.0733954551659 -0.00246978742278 0.00615048679368
3.020000	6 3.48994530204 -1.02233025761 -0.885890100979 -0.0724257276986 0.0320262907469 0.0357923196286
3.040000	6 3.00687028695 -1.27280162326 -0.213288396577 -0.073499965498 -0.0147858619988 0.0295174140586
3.060000	6 2.94753346191 -0.249583785227 -0.654046326169 -0.0845432151445 0.0150606299297 0.0716724108753
3.080000	6 3.1582735622 -1.78483570045 -0.147237216446 -0.0810709576942 -0.0144825969196 0.015846554765
3.100000	6 2.45756209924 -0.0506778837402 -1.41903005804 -0.0826447353944 0.0282901339846 0.0703835389636
3.120000	6 2.87539112344 -0.523332780107 -0.912058712612 -0.0683532652891 0.00632628628827 0.0587276161901
3.140000	6 3.09795605583 -0.575757091157 -0.710678614164 -0.0776532270135 0.0229099001179 0.0452772131788
3.160000	6 3.15023609652 -0.0778917281447 -0.578130411378 -0.0754798082338 0.0107649316554 0.0637769616968
3.180000	6 2.85314999096 -1.01883428009 -1.08319147178 -0.0801199006534 0.00921793072151 0.028967480429
3.200000	6 3.04810511995 -0.561537451359 -0.817802446795 -0.0841872409154 0.019441457409 0.0472430479378
3.220000	6 3.41070585546 -1.5182131589 -0.252038741375 -0.0774904142682 0.00242152533406 0.0414534126579
3.240000	6 3.3623169667 0.304803729209 -0.721088873017 -0.0893053089511 0.0171132273964 0.0997062766852
3.260000	6 3.24801498971 -0.26159596695 0.00111806209634 -0.0682032186005 -0.00798068126961 0.0651229933894
3.280000	6 3.42696825046 0.404988799449 -0.69877072481 -0.0735053780383 0.0273974762725 0.106622058255
3.300000	6 3.73691508907 -0.403006907105 -0.0609187720078 -0.0681950703492 0.0068010738989 0.0730642640561
3.320000	6 3.39336236032 -0.534358878634 -0.606504741903 -0.0712111290657 0.0316949819726 0.0739061252094
3.340000	6 3.7527357971 -0.148749232491 -0.347208696709 -0.0705524724622 0.0125649455172 0.091377674794
3.360000	6 3.71191613838 -0.867200495504 -0.0510039827542 -0.0726783616796 0.00575885183599 0.0564786033182
3.380000	6 3.55914743568 -0.416884856857 -0.90611795427 -0.0895659786894 0.029452125244 0.0856335156361
3.400000	6 3.61312480895 -0.944160195338 0.415550853368 -0.0898116917256 0.00841312579906 0.0368085235777
3.420000	6 3.81100334203 0.713456471038 -0.518217176142 -0.0704298137414 0.0108702301502 0.106573551161
3.440000	6 3.66732228623 -0.0145344470048 0.226445165452 -0.0767419596671 -0.00458693642981 0.0619412259167
3.460000	6 3.71793887182 0.515099501532 -1.39751463306 -0.0717473613548 0.029924590425 0.081702082644
3.480000	6 3.94488957582 0.102036959869 -0.842619301158 -0.0642762212832 0.0166087492984 0.0846113970868
3.500000	6 3.90885965345 -0.644743163998 -0.0702669528081 -0.0795091835508 0.00481324867458 0.0518066592808
3.520000	6 4.3672769129 -0.0577727430581 -0.46274010411 -0.0810580600843 0.0266186659084 0.10717582982
3.540000	6 3.78252434182 -0.756988429065 -0.141437353524 -0.076949440587 0.00471868263001 0.0653173227146
3.560000	6 4.07948070176 -0.666724986236 -1.3287361223 -0.0882326654342 0.0417253266822 0.0680257606418
3.580000	6 4.06789496781 -0.3118569684 0.156933763358 -0.075534080716 0.0194410488763 0.0879875569977
3.600000	6 4.13512913612 -0.843458111241 0.290833540051 -0.0905943773763 0.0100124630323 0.0408367009662
3.620000	6 4.06823692525 -0.708592004706 -0.800651167957 -0.0859506052799 0.0338150962642 0.0686497955805
3.640000	6 4.11096523614 -1.94308411088 -0.117605464678 -0.0750459832754 0.0124285744786 0.019741931046
3.660000	6 4.23255487184 -0.689626369864 -0.958359110858 -0.0807827375546 0.0396561320954 0.0773910972683
3.680000	6 4.27489524238 -1.85709513898 -0.136166611852 -0.0710568970829 0.00622115442125 0.0129092229382
3.700000	6 4.42105948558 -1.91580493499 -0.52703345594 -0.0642532183739 0.0251098503191 0.0414522039536
3.720000	6 4.21469916973 -1.59317861177 -0.616252985256 -0.0728431908901 0.0196128271191 0.0240678119713
3.740000	6 4.52567786304 -1.74972648566 0.651083380863 -0.0640359747745 -0.0117587983183 0.00807381925377
3.760000	6 4.60512378138 -0.955707615187 -0.39337007021 -0.0749311249424 0.00891584164998 0.0519985759593
3.780000	6 4.69230961724 -2.05444136341 0.566289809105 -0.0778381025979 -0.0137566319023 0.0319412927336
3.800000	6 4.92624222396 -1.23333312076 -0.310142385857 -0.0643701974222 0.016527321372 0.0485629540506
3.820000	6 4.5663698193 -1.44451059265 -0.22688257267 -0.0822309188071 0.0160479835434 0.0295026190395
3.840000	6 4.37763535733 -1.11094524026 0.649732673193 -0.0968180617841 -0.0189346629463 0.0329732534683
3.860000	6 4.8360208714 -0.623277952259 0.233778526745 -0.0896588814105 0.00677532081367 0.0555346878075
3.880000	6 4.41613611501 -0.676356169687 0.147530203009 -0.0808672680784 -0.00319896257794 0.0824313328873
3.900000	6 4.49656683742 -0.911473972353 -0.549599398101 -0.0781523810539 0.0142425985624 0.0721803297495
3.920000	6 4.50186594406 0.232703970602 -0.593113169722 -0.0736713039839 0.0207197254372 0.113391387591
3.940000	6 5.08632242764 -0.895469471692 0.211871587064 -0.0839175424358 0.0308194608649 0.0850253997885
3.960000	6 4.92634341154 0.112124359076 -0.842507727949 -0.0712416430747 0.0367351094944 0.11394333189
3.980000	6 4.84309646397 -1.09865195909 0.556116697367 -0.0712339896065 0.00720347305682 0.0682379688328
4.000000	6 5.02510576049 -0.851222084179 0.0611687540605 -0.0747000515571 0.00161224550113 0.0973105351316
4.020000	6 5.05097478661 -1.95601667831 -0.908452796578 -0.081981873691 0.0397596177956 0.0455500179738
4.040000	6 5.23503558452 -2.59036683904 -0.495248003964 -0.0757619809988 0.0195264361984 -0.00643872072748
4.060000	6 5.15396367661 -1.76552715032 -0.703151744106 -0.0812479758043 0.0346175372545 0.0413591859516
4.080000	6 5.53329363022 -1.92906261389 0.103981083652 -0.0743599606636 0.0152251000137 0.0174040843395
4.100000	6 5.19594570686 -2.08924375975 0.529178828873 -0.0817977872127 -0.0128644545945 0.0262676693485
4.120000	6 4.92907917377 -1.38099376239 0.192285057376 -0.0874624367382 0.00892846987893 0.0786220783144
4.140000	6 5.25488334844 -1.87408007126 0.785256954501 -0.088864059137 -0.00740454993104 0.0511921141788
4.160000	6 4.81326160363 -1.08737301774 -0.605597484643 -0.0913439163604 0.0106944370652 0.0649642694561
4.180000	6 5.06022460355 -0.324450916022 -0.527626549625 -0.0795604829546 0.0326995665328 0.114598023712
4.200000	6 5.39750172605 -1.6209275529 -0.505460036827 -0.0758235957963 0.0300848173571 0.065523734493
4.220000	6 5.14724359564 -0.956535977703 -0.674915429798 -0.0844901513714 0.0636972291028 0.0980332692439
4.240000	6 5.19991950634 -1.55690044996 -0.225733871719 -0.0874329192957 0.0411171984078 0.0536006758652
4.260000	6 5.8460739657 -2.76152112354 0.66115546814 -0.0717200546967 0.00077697467169 0.0162255580453
4.280000	6 5.4395294644 -1.75293771426 0.0282014473448 -0.0788222697718 0.00891650793951 0.0394465341478
4.300000	6 5.52875727044 -2.09854392291 0.230515334897 -0.0701146253953 -0.0204958541958 0.0207950441163
4.320000	6 5.28460574269 -1.39194098089 -0.00893924637699 -0.0726132471843 -0.0117372770807 0.0428766194689
4.340000	6 5.5393483935 -1.50933085589 0.0464450264107 -0.0905908668124 0.00469282612418 0.0664098983147
4.360000	6 5.28633979729 -0.590853239318 -0.50378578596 -0.0862191879 0.00346005216156 0.109599817647
4.380000	6 5.26252848664 0.129165876428 -0.0504876234673 -0.0903922278574 0.00061003353113 0.12309987204
4.400000	6 5.72470155404 -0.80750738505 -1.08827660018 -0.085335096192 0.0602884645248 0.123119269775
4.420000	6 5.96266361094 -2.16259810977 -0.541672413934 -0.0828397195568 0.0360646826615 0.0223128280664
4.440000	6 5.89991306976 -2.05133724143 -0.678594947706 -0.0816528338257 0.0369904263627 0.0181211746643
4.460000	6 5.92798177049 -2.42635986991 0.370113107334 -0.0725556818461 -0.00372934709809 0.0412317768356
4.480000	6 5.90862094547 -1.94048951501 1.06765667735 -0.0745981872563 -0.0295821413679 0.0364485410351
4.500000	6 5.47947937286 -0.418439492222 -0.086991307013 -0.0898638983327 0.005317020376 0.125448725656
4.520000	6 5.56037469784 -0.317208176386 -0.131394904557 -0.0923774279533 0.0219921368921 0.134800698261
4.540000	6 5.85093569832 -0.884152759712 -0.859264704787 -0.0846614888985 0.0620051997764 0.136579226489
4.560000	6 6.11322855122 -2.17869751509 -1.59226170057 -0.0856748717097 0.0498274759324 0.0444501995621
4.580000	6 5.97426417917 -2.32579889235 -1.44178703143 -0.0975965590538 0.0518035405286 0.042389360561
4.600000	6 6.39559856928 -2.99527309781 0.249061264348 -0.0698851805141 -0.0143774354042 0.0179212893661
4.620000	6 6.08630201222 -2.77946906292 0.581578001669 -0.0788261376252 -0.0140313570903 0.0191622628897
4.640000	6 6.27220567377 -1.47108763418 0.995568444688 -0.0884374473775 -0.0383023103385 0.077808928988
4.660000	6 6.01091550899 -0.568818217839 -0.434104929368 -0.0852644876003 0.00952352123665 0.120605431327
4.680000	6 5.70458551634 -0.36726532452 -0.457972825453 -0.0919413285531 0.015865812433 0.139598997039
4.700000	6 5.97524116698 -1.20410783294 -1.63469777469 -0.0846109374622 0.0597269682061 0.0947314838221
4.720000	6 6.30129000583 -2.82383119413 -0.865245853261 -0.0860406036715 0.0333420147488 0.00577476428073
4.740000	6 6.05690809981 -2.55105454071 1.06649402025 -0.0878983851129 -0.0246905575411 0.0404741051927
4.760000	6 6.51932875142 -1.67331263705 0.994846500023 -0.0857886671091 -0.0381847482629 0.0714292634461
4.780000	6 6.06603050989 -0.289982854775 0.270280936716 -0.103584073342 -0.00756068468802 0.123687794138
4.800000	6 6.13443504209 -0.742958072273 -1.015380553 -0.0862859820987 0.0628888173042 0.133417014972
4.820000	6 6.52567511772 -1.28715877092 -1.19042597451 -0.0781864889589 0.0740374584108 0.126220213112
4.840000	6 6.73683148866 -3.63799528681 -0.961192934405 -0.0841553132301 0.0481502371629 0.0257866883707
4.860000	6 6.79676510367 -4.01875932044 -0.553296538436 -0.102690089284 0.0300984183472 -0.0021825574662
4.880000	6 6.2727360705 -0.417161079532 0.579247320145 -0.100719856913 -0.0302645887942 0.169902205325
4.900000	6 6.0614520182 -0.0776191807087 0.56232064343 -0.0855055278626 -0.0169693070074 0.163171548135
4.920000	6 6.3847611445 -1.39142745171 -1.57027115852 -0.0713522322281 0.0583227857649 0.115942664476
4.940000	6 6.40459816314 -1.44793862231 -2.06334833009 -0.0825552140975 0.0793299461186 0.114223697467
4.960000	6 7.01026986121 -3.38070888952 -0.570288998008 -0.103515867641 0.0461327801925 0.0322888155832
4.980000	6 6.56816947659 -2.74053987456 1.17386338075 -0.0981664856351 -0.0397115244173 0.0561853385874
5.000000	6 6.32473925149 -1.88731572502 1.61771903219 -0.102487476041 -0.0449489487566 0.0959191252212
5.020000	6 6.38545422421 -0.431811686776 -0.224459300445 -0.0798761745113 0.0100974230765 0.163854859774
5.040000	6 6.95128280897 -2.51682343474 -2.13283327854 -0.0941628833755 0.0738711555153 0.0399549479357
5.060000	6 6.96409908987 -3.32432732636 -1.66827446769 -0.0973752408652 0.0565341107857 0.0273040539471
5.080000	6 7.05786490735 -2.93671320936 0.320908772299 -0.089158642564 0.00160460695356 0.0369862277389
5.100000	6 6.55144170411 -1.10586162345 1.15043837134 -0.114153209471 -0.0355371144269 0.122355726907
5.120000	6 6.52097625 -1.3885186646 -0.765558459435 -0.0884311138149 0.0341225276329 0.123957035489
5.140000	6 6.85955520961 -1.33499989902 -1.68860208096 -0.0893097738817 0.0580431651192 0.136318937206
5.160000	6 7.43892088365 -3.41322986254 -1.78394855073 -0.0951547682698 0.0520228348136 0.0112576155352
5.180000	6 6.80251524856 -1.78410375985 1.18752466469 -0.0970702306825 -0.0287124618063 0.0858869435728
5.200000	6 6.67023462739 -0.0676001477384 0.910051940302 -0.0852207939755 -0.00203701333086 0.184357545015
5.220000	6 6.50345324683 -0.695841407346 -0.496273209788 -0.089264772904 0.0211217407971 0.180294657349
5.240000	6 7.28720959391 -3.30205320496 -1.96496365649 -0.0948672059569 0.0789597271264 0.0319292977529
5.260000	6 7.63432961489 -3.86535304491 -1.45539780372 -0.103213749385 0.0780396630578 0.0201273399706
5.280000	6 7.16034548124 -2.72488163273 0.832897114256 -0.10150016122 -0.0145411747748 0.0519785347969
5.300000	6 7.14882469336 0.265046454596 0.984861206817 -0.096965994162 -0.0119708341621 0.199637865848
5.320000	6 7.13663876962 -0.179474825171 0.420530503683 -0.0864491268217 0.000220828913219 0.197682064346
5.340000	6 7.72330587499 -3.51266421644 -1.5035688405 -0.0904879966375 0.0846861814062 0.0269286376925
5.360000	6 7.57189702951 -3.3549821792 0.0803256476047 -0.0884008709947 0.0273100179646 0.0375185234541
5.380000	6 7.27618405532 -0.0725385793388 1.22302271695 -0.102995064525 -0.0196750355287 0.19198800589
5.400000	6 7.06859625541 -0.30370544814 1.260039883 -0.109411920466 -0.013406272181 0.181914777329
5.420000	6 7.43104462175 -2.86223721993 -1.05254643874 -0.0982584541996 0.0620391019485 0.0790986502034
5.440000	6 7.46209068858 -3.29805086997 -1.73427529536 -0.0939013807507 0.0992103283462 0.0536889190175
5.460000	6 7.51454848555 -3.08836642235 -0.380480523612 -0.089730994108 0.0123534472613 0.0407411740581
5.480000	6 7.01645773444 -0.159637733715 1.02314507526 -0.100370116482 -0.0115777927134 0.207986654067
5.500000	6 7.24927539727 -0.180725678508 0.882730595011 -0.0902320378739 0.00653979629435 0.217045139391
5.520000	6 7.88258686025 -3.52130127352 -1.6949004838 -0.1021283146 0.0686835259968 0.0428981465611
5.540000	6 7.84124324971 -3.49653901916 0.189183572583 -0.0992051750235 0.022739120271 0.0443251102424
5.560000	6 7.18200847742 -0.181673444699 1.00073785352 -0.0983129147036 -0.0180000267056 0.22416073921
5.580000	6 7.29972659828 0.090240407821 0.70769940255 -0.0956222355513 0.00474048959523 0.229998870767
5.600000	6 7.95883989028 -3.76346367782 -1.46190436874 -0.108985627885 0.0796879743531 0.0271385292003
5.620000	6 8.08085670551 -5.04294020943 -1.08015759662 -0.112374755605 0.0763953208036 -0.00226000502296
5.640000	6 7.00936798259 -1.52831922028 0.341218011677 -0.104213996407 -0.0056859894588 0.150695584524
5.660000	6 7.54038374866 -0.800437754285 0.319270273054 -0.0882804396476 0.0248599821535 0.210334111852
5.680000	6 7.44747789118 -2.21801733057 -0.847239510586 -0.0873971096858 0.0417869910293 0.151394111597
5.700000	6 8.23737252683 -4.88940093012 -0.784506677988 -0.0874350366222 0.0589393337051 0.00291140781257
5.720000	6 7.47432334732 -1.13519099331 0.673768583028 -0.109827322682 -0.00582348551846 0.164078136617
5.740000	6 7.99130253279 -1.54956266065 0.0575420760174 -0.0902915320829 0.0458870979587 0.167331372419
5.760000	6 8.22896060495 -3.37586172087 -0.167754947118 -0.102724593046 0.0370499302895 0.0866200711733
5.780000	6 7.91973719274 -3.60215725477 -0.806674390063 -0.116715114293 0.0453076051229 0.0441775797963
5.800000	6 7.27638433699 -0.679191525961 0.441420889523 -0.105882354916 0.0111362529211 0.217928219515
5.820000	6 7.81745143463 -3.05604010613 -0.703468310199 -0.10199678081 0.0431488231937 0.112947098929
5.840000	6 8.00391867213 -4.27122047551 -1.20245436986 -0.107113353652 0.0646040907994 0.0621246510867
5.860000	6 8.05526681187 -3.66057319908 0.0853758697803 -0.0962881142267 0.0231167546839 0.0661702322867
5.880000	6 8.02097566766 -0.590257787839 0.852634961197 -0.08241343883 0.0119938584151 0.216901807381
5.900000	6 8.13182155056 -1.14532287172 -0.128937861658 -0.0976848611633 0.0285134608622 0.177650769759
5.920000	6 8.48234832199 -4.64710003884 -0.344341110878 -0.115700110839 0.0577804454065 0.0149033033077
5.940000	6 8.03605941933 -1.33629054515 0.797219214194 -0.113975818943 0.00425105610247 0.161366007759
5.960000	6 7.8898589201 -0.429983088119 0.184578517903 -0.0954493401407 0.0218876005008 0.25536749585
5.980000	6 8.41559894639 -3.56478535805 -1.11499325528 -0.0983339346859 0.0657603933896 0.08632280804
6.000000	6 8.39456264166 -5.16937654739 -0.166524963391 -0.109942717522 0.0161513230428 0.0364036245724
6.020000	6 8.00563250932 -2.75930088307 0.224280899202 -0.115087286438 0.000778154048762 0.125235594478
6.040000	6 8.22820128618 -1.27915624712 -0.15609497434 -0.0947546530687 0.0100260377957 0.189749458763
6.060000	6 8.45567023463 -4.93966646244 -0.850256654219 -0.105043999495 0.0451075347412 0.0349893935111
6.080000	6 8.49394184863 -3.8977201502 -0.00569438191549 -0.101023151484 0.0225563223647 0.0707939195291
6.100000	6 8.35533397127 -1.09040746409 -0.21356298982 -0.0958858075662 0.0227394007212 0.239527562047
6.120000	6 8.83580360244 -3.61438330922 -0.76954729666 -0.0975683516823 0.0419328854987 0.0952903734473
6.140000	6 8.82129587698 -4.62637056631 -0.681158578695 -0.116987509765 0.0254632161547 0.0504337474688
6.160000	6 8.39196561055 -2.33340390896 0.348115535418 -0.129479101525 -0.00451604107855 0.137826150306
6.180000	6 8.7754880309 -2.04550146704 -0.587879353974 -0.112439443673 0.036544451473 0.189061882613
6.200000	6 8.77294560344 -4.97009765243 -0.665843842157 -0.102215559212 0.0200630303334 0.0357299158277
6.220000	6 8.71658613164 -3.7253591222 -0.0683116008101 -0.102557003625 0.0119344949932 0.091342542511
6.240000	6 8.36713981241 -2.37172897064 0.134054535275 -0.121320162789 0.0196345291825 0.15236912995
6.260000	6 8.6742147815 -1.30985641181 -0.226007892164 -0.0990387191086 0.0221067444537 0.197174622058
6.280000	6 9.28361173566 -4.821400448 -0.28260555578 -0.0989142347777 0.0314486498883 0.052284058111
6.300000	6 8.85503512569 -1.3305368855 -0.168168020655 -0.10118826243 0.0186110147693 0.204986355536
6.320000	6 8.96980302772 -0.841667180974 0.23601863949 -0.100108522869 0.0196425625169 0.233812991715
6.340000	6 9.17281474707 -4.77734494652 -0.639090005017 -0.0987922685287 0.0290822675296 0.0591526665582
6.360000	6 8.85586780799 -2.89637317575 0.207005856443 -0.121043968141 0.00691652439732 0.120187444514
6.380000	6 8.96479285906 -1.77418600395 0.199275929696 -0.0942235949406 0.0260997848144 0.204952287232
6.400000	6 9.06946832885 -2.94610340588 -0.610410381265 -0.103198736654 0.0287460023843 0.14233212575
6.420000	6 9.12523935979 -4.67830216703 -0.538147708558 -0.112334188231 0.026135734893 0.0478667539433
6.440000	6 8.851834232 -1.1186182831 0.179653483606 -0.101461508221 0.0183316971421 0.237389634579
6.460000	6 9.02665765519 -2.04011343531 -0.0779205930134 -0.0899760358003 0.0247995113767 0.193923057105
6.480000	6 9.41220022934 -4.99576481592 -0.247396114094 -0.108044928368 0.0256973254062 0.0507824312218
6.500000	6 8.97220502617 -3.32659482938 -0.17635495849 -0.111711169234 -0.0029006322138 0.106889412982
6.520000	6 8.93954394038 -1.42933151261 -0.185531876472 -0.102984433005 0.0353644417627 0.235072503648
6.540000	6 9.70050643648 -5.26549941772 -0.768453243107 -0.117796903032 0.0479971454127 0.0672734501306
6.560000	6 9.34816327228 -5.33023676298 -0.226414428095 -0.112309031239 0.0209797587262 0.0688288938142
6.580000	6 9.2621482122 -0.960516434966 0.131289653358 -0.0921520359529 0.0220685072809 0.255962727924
6.600000	6 9.65135662463 -4.39833074296 -0.446524060244 -0.0994662433936 0.0379985578899 0.101640820157
6.620000	6 9.58847669416 -4.76030879491 -0.298233791317 -0.11210101168 0.0154309093124 0.0576538067643
6.640000	6 9.00239709329 -1.81924249108 0.103118531927 -0.0994781674663 0.017846689043 0.219370449993
6.660000	6 9.62257266487 -3.51338457467 -0.321758459214 -0.107510918197 0.0436836797315 0.151207270687
6.680000	6 9.77867436608 -4.67570022009 -0.305071875572 -0.105152802687 0.0210143963105 0.066086871296
6.700000	6 9.08980566428 -2.95767852212 0.178764313435 -0.114856017393 -0.00393160931731 0.148962527398
6.720000	6 9.58116287568 -2.71403654747 -0.245423950298 -0.0955720989353 0.0328631965946 0.186995315199
6.740000	6 9.74487191103 -4.12689354291 -0.22413767382 -0.107091018264 0.0276208650592 0.119140297628
6.760000	6 9.43385449215 -3.64542812193 0.124285758445 -0.117631943071 0.0295302377908 0.142258039656
6.780000	6 9.40798047903 -2.174472139 -0.674533338418 -0.102445395464 0.0324833646095 0.211192683914
6.800000	6 9.71516433905 -3.85181065578 -0.253029654323 -0.101599352279 0.0311648898786 0.145410894595
6.820000	6 9.62836546638 -4.91227969129 0.0985332577771 -0.108863812208 0.0104181739224 0.0778933934494
6.840000	6 9.10667523291 -2.42830249929 -0.0154690477636 -0.105300913547 0.0354898073482 0.252276830777
6.860000	6 9.79213571312 -5.42163683436 -0.365785937032 -0.115422832207 0.0304435251037 0.0753849015895
6.880000	6 9.74512377204 -5.10033278866 -0.293285498762 -0.118604021561 0.0087264329184 0.083355500119
6.900000	6 9.74466565277 -2.21243786253 -0.54975349302 -0.0958711508902 0.0460496177662 0.239958399714
6.920000	6 9.52414893148 -2.3800905297 -0.0565962605466 -0.0983951176153 0.0453831699932 0.219422672063
6.940000	6 10.2173938397 -5.64966850407 -0.153516796853 -0.10890528233 0.0216935856907 0.0878073211818
6.960000	6 9.57262898518 -2.96278546095 -0.0403917188849 -0.110377866725 0.0178306725542 0.198406430341
6.980000	6 9.4540924136 -2.13565260502 0.140954482047 -0.100545618687 0.0346545567338 0.276001257009
7.000000	6 9.81530628404 -5.34912497993 -0.348394363439 -0.120654018373 0.0400295205005 0.120809558928
7.020000	6 10.1936920918 -5.47360620461 -0.306381277079 -0.106486910258 0.0357875123457 0.0921638561754
7.040000	6 9.60964068806 -2.11361909916 -0.611329705822 -0.0939283692357 0.0271517680793 0.229201448058
7.060000	6 9.76951318932 -4.35000634611 -0.404975857149 -0.106959715901 0.0289190923323 0.140970311646
7.080000	6 9.84199176101 -4.70598621852 -0.0399830952068 -0.113932262776 -0.00269458002297 0.108243761986
7.100000	6 9.86957070734 -2.25347372776 -0.497376015189 -0.0935074991219 0.0221405914781 0.257703466228
7.120000	6 9.8214498511 -3.03283623009 -0.2816515384 -0.101687101202 0.0437172494238 0.21843035446
7.140000	6 10.2185754281 -5.45682418273 -0.365031765489 -0.121101701329 0.0167448988439 0.0663011939178
7.160000	6 9.89428372346 -4.20251062143 -0.211233759842 -0.122038532406 0.0184737304639 0.156211582499
7.180000	6 10.1384440614 -4.40135785699 -0.201561984766 -0.102640650915 0.0238658900173 0.153550233983
7.200000	6 10.0946034749 -6.02532707363 -0.101417706394 -0.121809874544 0.0247934588504 0.0905973031778
7.220000	6 10.0986622146 -5.15161457149 -0.0294366321936 -0.112499218246 -0.00766235553923 0.124407742799
7.240000	6 10.0268135314 -2.7790449447 -0.50642155617 -0.101426126652 0.0469594637491 0.249267565984
7.260000	6 10.4117042552 -5.27322261308 -0.644760218633 -0.112080199092 0.0390896554308 0.100772294475
7.280000	6 9.95749243458 -3.62012958939 0.0944405747328 -0.114710728992 0.0239843809809 0.18272029363
7.300000	6 10.2255009455 -2.06783860743 -0.171724552351 -0.119389787254 0.0369874899855 0.26701899759
7.320000	6 10.5043566276 -4.7364900075 -0.743177547614 -0.115334654269 0.0271522720285 0.148647123028
7.340000	6 10.1238391076 -4.51516929501 -0.360331688552 -0.135171842032 0.0099978396776 0.155464055958
7.360000	6 9.84565305507 -2.65624376554 -0.413661192927 -0.119569292315 0.0431588206355 0.263869638289
7.380000	6 10.3531381471 -4.05128012015 -0.361128524993 -0.108846874294 0.0386863355329 0.205702823161
7.400000	6 10.6843961954 -6.00701953405 0.237436911869 -0.118190525974 0.0162714535275 0.0847066716525
7.420000	6 10.0439410078 -2.76563834233 -0.0969722803342 -0.107163816284 0.037477995755 0.255466684965
7.440000	6 10.1043509737 -2.84766764828 -0.447050869845 -0.108340044725 0.0343427278251 0.250065701607
7.460000	6 10.5544769234 -5.37945276383 -0.0924701836779 -0.122254857862 0.0218605745915 0.130336017822
7.480000	6 10.5260725489 -5.18697426705 0.209760038474 -0.124869105675 0.0128430894737 0.112954264264
7.500000	6 10.3489870365 -2.80661997996 -0.249043944027 -0.0896612899317 0.0478621004952 0.271465935782
7.520000	6 10.67625106 -5.12455620229 -0.712572756529 -0.101759420973 0.0381416648546 0.135818777198
7.540000	6 10.6985288623 -4.7371962115 0.0117046193176 -0.113301157411 0.010678998689 0.150805246523
7.560000	6 10.4221122443 -3.24563579335 -0.133109659982 -0.11140291359 0.0352091896868 0.236081614135
7.580000	6 10.5972051752 -4.44446192983 -0.114049956276 -0.102649247037 0.0329759455794 0.183281475267
7.600000	6 10.8493989573 -4.95198737543 0.179951853968 -0.122035227638 0.0231946594678 0.152142691402
7.620000	6 10.3299037423 -4.22462717676 -0.133100664261 -0.132202460518 0.026054452608 0.188944213285
7.640000	6 10.8280622191 -2.87749108362 -0.738683567867 -0.114972706511 0.0623244068976 0.254202630955
7.660000	6 11.0322773288 -6.11091698573 -0.238534739679 -0.109379870498 0.0200337826689 0.115454874299
7.680000	6 11.1464761576 -6.27191440465 0.658995519797 -0.123478566739 -0.00551256430384 0.103847154514
7.700000	6 10.9496131436 -3.16832848244 -0.382883622431 -0.110851410754 0.019488175852 0.258093711396
7.720000	6 11.0590649116 -5.31508298185 -0.335122888005 -0.119480833602 0.0422248656854 0.158011273664
7.740000	6 11.2810944503 -5.75712691062 -0.470939634076 -0.11637402245 0.036004250704 0.148416031929
7.760000	6 10.703007674 -3.83890618725 0.205019093434 -0.119170131381 0.0289985348813 0.230719456719
7.780000	6 11.0706309172 -3.43252055065 -0.600980540286 -0.111787608747 0.0607732472337 0.257029790081
7.800000	6 11.4385327775 -6.6627869658 0.156318162108 -0.111116841103 0.0232187974288 0.0994668592915
7.820000	6 11.1626059068 -6.37649546489 0.446353024783 -0.125139598161 0.00446129681829 0.125357459231
7.840000	6 11.1030432964 -3.51003501677 0.107465238609 -0.0948721079389 0.0404547260281 0.284112381467
7.860000	6 11.357209947 -5.97485984836 -0.342615969571 -0.118554913777 0.033083818827 0.156058477739
7.880000	6 11.3311828921 -6.11703277783 -0.0216423379341 -0.114157676501 0.0169187357708 0.143687867449
7.900000	6 10.9075413761 -3.89661049429 -0.222502550516 -0.11559398791 0.0228075361648 0.244749548279
7.920000	6 11.2072233226 -3.53246449688 -0.891848165907 -0.0935685471667 0.0480259442362 0.240987773221
7.940000	6 11.4797870739 -5.6202689838 -0.540836674589 -0.101663240692 0.0492046882195 0.191933879373
7.960000	6 11.5689447418 -6.55585023694 0.179533006083 -0.123362370436 -0.000970969948122 0.120857992471
7.980000	6 11.1623428766 -3.48751809951 -0.234963698367 -0.0997363811667 0.0479103734228 0.297758659391
8.000000	6 11.6036742437 -5.62612236694 -0.306029935196 -0.120556826244 0.0349804458477 0.174944570921
8.020000	6 11.6057510771 -5.76639767808 -0.236537957918 -0.117282759691 0.0198457502053 0.144625845467
8.040000	6 11.2463581286 -4.39744393417 0.318062127868 -0.129131946555 0.036930913781 0.227232039812
8.060000	6 11.5640187769 -3.72303696896 -0.787089471513 -0.104376674252 0.066718071433 0.270325002006
8.080000	6 11.5032810397 -4.93852684001 -0.807444324323 -0.100551652768 0.0585829568327 0.22000392688
8.100000	6 11.8513501431 -6.59934401788 0.169041026201 -0.112194160287 0.0126111515493 0.128339731784
8.120000	6 11.1108068984 -3.74775492781 0.0279049469494 -0.104423987611 0.047833325338 0.286781645259
8.140000	6 11.4917812556 -4.7121056754 -0.510819796194 -0.107821908004 0.0614898500757 0.229464484606
8.160000	6 11.6593062875 -6.32371775043 -0.0949270414117 -0.111798440971 0.0367480931558 0.16942196518
8.180000	6 11.678099834 -5.33478802213 0.31059547373 -0.109883708366 0.0134414170216 0.174280162799
8.200000	6 11.2804972243 -3.40101817898 -0.63451493908 -0.107835403589 0.0461847070647 0.283821949989
8.220000	6 11.4571993491 -3.52769711292 -0.797860449292 -0.11588235383 0.0623561845244 0.295743048215
8.240000	6 11.6902541075 -6.37487766804 -0.629758599654 -0.119099211667 0.0430812739633 0.173102014771
8.260000	6 12.0829201554 -7.39477408821 -0.039166095915 -0.119727467217 0.0252951368154 0.128806179986
8.280000	6 11.4505104331 -4.66582336124 -0.00229697517788 -0.103022778936 0.027919515307 0.256927648066
8.300000	6 11.8159212966 -4.60126517161 -0.77527371361 -0.106846367377 0.0509655342171 0.250400368843
8.320000	6 11.7439561768 -5.2825253174 -0.315149541993 -0.119404104672 0.0463204528948 0.221030742222
8.340000	6 11.935039431 -6.76933278758 0.265311077653 -0.118398523148 0.00992822030216 0.157355537448
8.360000	6 11.3473209249 -4.02856255177 -0.10371712704 -0.107231567137 0.0215845828592 0.276346232746
8.380000	6 11.6376007301 -4.27620745387 -1.29243363548 -0.10326020505 0.0730816011985 0.296756234018
8.400000	6 11.9682389478 -5.54665898163 -1.26904090717 -0.102569395064 0.0690871054008 0.22220672801
8.420000	6 12.1623381463 -7.11761261908 0.174051343232 -0.135426235381 0.014027594215 0.150330978607
8.440000	6 11.6345317881 -4.14032459057 -0.628280511324 -0.108627547774 0.0211998944763 0.285237163225
8.460000	6 11.8037425716 -4.64854237658 -1.51900619283 -0.114174787857 0.0568249467686 0.265503389687
8.480000	6 12.1356575634 -6.19571571992 -0.619989191005 -0.105934076516 0.0606807849676 0.201022040944
8.500000	6 12.1728361453 -6.26578556402 -0.896889341028 -0.102838794635 0.0439603504439 0.171375620828
8.520000	6 12.1193247113 -6.33675896903 0.739562555644 -0.12369577309 -0.00429851496008 0.190773169639
8.540000	6 11.568260031 -4.03396964326 -0.413115738699 -0.0983686505484 0.034474186496 0.304705244315
8.560000	6 12.0898610882 -5.36725774593 -0.914015167108 -0.115839225159 0.0727380532693 0.255658133896
8.580000	6 12.222862199 -6.3130463921 -0.920258411166 -0.111890709778 0.0623297435947 0.198833549463
8.600000	6 12.5650992158 -6.50376096868 0.525021955738 -0.126191460046 0.0169919861597 0.171656030449
8.620000	6 11.2485646876 -4.3507094665 -0.204931390916 -0.110394364055 0.042656727407 0.320651053282
8.640000	6 11.6114784504 -3.773358693 -0.794640438567 -0.112559746621 0.0628846737046 0.341448864531
8.660000	6 12.1392056643 -5.9485113062 -0.946222998397 -0.116839555806 0.0853680583667 0.256811369125
8.680000	6 12.6825296704 -8.14011812197 0.6683270065 -0.119062730303 0.0238289773861 0.16110997285
8.700000	6 11.9275124905 -5.02513084702 0.882010265305 -0.128727801779 -0.011356492826 0.261854295005
8.720000	6 11.5277392019 -4.96211383409 0.356979668119 -0.110049738734 0.0171108114283 0.303998437791
8.740000	6 11.9648110105 -4.79319482358 -1.10499199565 -0.113961930584 0.0787215229225 0.30193967188
8.760000	6 12.4905659426 -7.81064129286 -0.556566466428 -0.113450914982 0.036053461801 0.171294027544
8.780000	6 12.7119419975 -7.95133220979 0.0837402052423 -0.117088782787 0.0184411827069 0.157524062856
8.800000	6 12.4402683163 -6.47947293843 1.01251655313 -0.1247176944 -0.00636278424219 0.236238136618
8.820000	6 12.1249437038 -5.86265969935 0.517679649359 -0.121979681706 -0.0118812489562 0.263215567315
8.840000	6 12.0622676816 -4.69614135416 -0.807630961263 -0.123797902483 0.0781385495998 0.333192348198
8.860000	6 12.5792931837 -6.15972654237 -1.38717786593 -0.108745055406 0.0739092081965 0.238199799992
8.880000	6 12.6104078614 -7.07689800016 -0.66543960234 -0.10900893276 0.052611706645 0.206369461749
8.900000	6 12.8608296285 -7.24067599461 0.88906579706 -0.119333486729 0.000183344150834 0.202103406504
8.920000	6 12.4918260468 -7.03340561249 0.685937733952 -0.126794867192 0.00237768111341 0.227825846941
8.940000	6 11.8005301026 -4.47569115014 -0.525693594319 -0.123796335782 0.0426941640888 0.337180662952
8.960000	6 12.2097010299 -5.2074844537 -1.45226079069 -0.11779122012 0.0986574832364 0.305543665884
8.980000	6 12.7105187678 -7.15863150085 -0.591001650478 -0.114866804396 0.0571174018426 0.217604531749
9.000000	6 12.680255196 -7.61641631583 -0.389807039455 -0.117990249769 0.0436367220582 0.197983061677
9.020000	6 12.6983905339 -6.80555883275 1.1881056089 -0.125928224988 -0.0116011004531 0.224702145935
9.040000	6 12.3975787737 -6.30884405427 0.956521695676 -0.121778223298 -0.0213571831001 0.248225646327
9.060000	6 11.9972358822 -4.8420208505 -0.362542903436 -0.123771759573 0.0243537853742 0.318129290875
9.080000	6 12.4586854277 -5.97347004527 -1.6827843257 -0.122805486409 0.101721681588 0.305999650719
9.100000	6 12.3734670656 -5.72059457136 -2.11214545502 -0.123056528173 0.0996434064084 0.30479920683
9.120000	6 12.654557031 -7.6411807957 -0.756081463963 -0.117288154073 0.0546201255762 0.222241112512
9.140000	6 13.0159589975 -7.58295441599 1.83645700007 -0.105023584575 -0.0229475064995 0.224593986091
9.160000	6 12.2825135934 -5.85823826573 0.835191421879 -0.121685987179 -0.00970922181689 0.273723807904
9.180000	6 12.2631108959 -5.87848588765 0.299944502559 -0.133107131441 0.0146848230263 0.293375476163
9.200000	6 12.615475938 -5.62954570889 -1.82234544469 -0.129990017319 0.0846121156372 0.330163433383
9.220000	6 12.3919871122 -5.31706301846 -1.58941843604 -0.124605496566 0.080520667042 0.331089258414
9.240000	6 12.7385866486 -6.98003028457 -1.06862070718 -0.110016323678 0.0821702369553 0.246670855707
9.260000	6 13.3028058751 -7.70960534422 0.738270155594 -0.126445592168 0.00707678789526 0.230865947627
9.280000	6 13.4061885839 -7.5958921812 0.999236128286 -0.119489284451 0.0043128615829 0.245007910317
9.300000	6 13.0185874059 -7.38732573102 1.71579608591 -0.114328105629 -0.0230505387098 0.26053118691
9.320000	6 12.0105981831 -6.30993853796 -0.757757238411 -0.119472733039 0.0429304831559 0.311781187478
9.340000	6 12.5637359318 -6.12048183843 -1.88889724866 -0.112153438868 0.10776631683 0.325932680027
9.360000	6 12.9418166657 -5.73537218664 -1.58502279313 -0.131153368024 0.113651393747 0.338389112676
9.380000	6 12.8761082954 -7.08335810005 -0.987106648534 -0.125913585389 0.0597587953796 0.253238432979
9.400000	6 13.3065347997 -7.4424687228 0.98931425389 -0.116413998271 0.009641016213 0.230672319157
9.420000	6 13.2742675811 -7.50129759726 0.464647592635 -0.115038742806 0.0203118332431 0.238833758896
9.440000	6 13.3156457304 -7.27417600253 1.51694691606 -0.121623654365 -0.0115156212348 0.256212163986
9.460000	6 13.3497177552 -7.83884635024 1.77394340412 -0.111686227086 -0.0228705994497 0.245924286491
9.480000	6 12.8042057712 -6.80250918816 0.444523191245 -0.138655239652 0.0064411664535 0.262853809242
9.500000	6 12.4774579551 -6.07543747457 -1.41365993933 -0.126649632566 0.0885914211533 0.338040107061
9.520000	6 12.8389059317 -6.18769859848 -2.38467770652 -0.124605962582 0.10797966611 0.329416447418
9.540000	6 12.7106056688 -6.50943998134 -1.88260217109 -0.120070101693 0.115634789885 0.330035472671
9.560000	6 12.5624470388 -6.08402291884 -2.3662053141 -0.124197045261 0.114398550997 0.337469368865
9.580000	6 12.8363854021 -6.94337037589 -2.11034844621 -0.115391334574 0.0827844320951 0.3029050914
9.600000	6 13.2583589296 -7.67894333887 0.728866540028 -0.115503325525 0.0149304409917 0.25688134226
9.620000	6 13.5980330202 -8.24676156344 1.71564765328 -0.111616476539 -0.0259387530856 0.242916639383
9.640000	6 13.5305916331 -7.97345068342 1.4004299824 -0.128897149358 0.00418660168907 0.251234440863
9.660000	6 13.3125350645 -7.18428411349 1.45783721714 -0.122206286515 -0.0085868477547 0.279527006414
9.680000	6 12.4473105008 -6.78190705074 -0.120048941495 -0.137021649566 0.02777142475 0.319956411651
9.700000	6 12.6535124958 -7.10318501795 0.300283039354 -0.129659279275 0.0107199490138 0.302800273339
9.720000	6 12.375228464 -6.14761616836 -2.03439409073 -0.127553595373 0.092943471104 0.346207262637
9.740000	6 12.4217592886 -6.32355794439 -2.79997423557 -0.134383216719 0.126295569661 0.347519562352
9.760000	6 12.3986841702 -6.38165321252 -2.44695396561 -0.121726049656 0.116226242726 0.351566207838
9.780000	6 12.5708951582 -6.01864045267 -1.99075099138 -0.134576474611 0.111124486565 0.356862967567
9.800000	6 13.0408049078 -6.51920143689 -0.863452816407 -0.129387433119 0.072439686862 0.326165699429
9.820000	6 13.1278625527 -6.92563538665 -1.2266536881 -0.12137808081 0.0974760741134 0.331830063122
9.840000	6 13.4982037221 -7.72933698547 0.220401320682 -0.123834353094 0.0330686825204 0.27284995742
9.860000	6 13.3342838457 -7.50823905591 -0.952880540989 -0.123707258377 0.0632103404354 0.295725979236
9.880000	6 13.861922152 -8.02768874676 1.83743389723 -0.122772435274 -0.0189607709312 0.267499283209
9.900000	6 14.0082197182 -8.51253707006 1.77871498604 -0.115858846053 -0.0334952847742 0.253696612823
9.920000	6 13.8309329402 -8.18465156954 1.24336909447 -0.120213302168 -0.00596001561485 0.287368261054
9.940000	6 13.8168400549 -8.00014082226 1.41570778421 -0.117927072897 -0.0202073903559 0.26774911891
9.960000	6 13.4044996023 -9.10792841179 1.01826014371 -0.119737283471 -0.00343759917907 0.259774077357
9.980000	6 12.7960802771 -8.51047527872 -0.313579371788 -0.137148494064 0.027909497692 0.283497719521
10.000000	6 13.3141431734 -8.40340163071 0.401434755751 -0.133883132383 0.00805898332134 0.300049243358
