1.000000	6 -0.00469221567535 0.105770142568 0.259967453187 -0.0063934167915 0.00549325316604 0.00246368214053
1.020000	6 -0.038376030085 0.144835949213 -0.11378735026 -0.0040458939313 0.00199432689235 -0.00666174867593
1.040000	6 0.0322213253772 0.231166955962 -0.362028539037 -0.0133067327148 -0.00253668217895 0.00207950557604
1.060000	6 -0.174540580093 0.771786676635 0.7020086448 -0.100688188875 -0.0323882213868 0.013490673349
1.080000	6 -0.406317335763 -0.0431240391702 -0.190083634398 -0.0765505138288 -0.0039705677654 -0.00453989871295
1.100000	6 -0.155138642751 0.174260108496 -0.0697172360262 -0.0799379551674 -0.00818664579667 -0.0016028931973
1.120000	6 -0.0254261170614 0.215369684077 -0.972793919806 -0.0703395407568 0.0211386614607 -0.00872174075154
1.140000	6 -0.307794811908 0.944336678011 0.43927537596 -0.0728023818914 -0.0339666632227 0.00990063329773
1.160000	6 -0.244777186082 -0.0544232425805 0.251309718252 -0.0861409351581 -0.0227610183875 -0.00531147546599
1.180000	6 0.517696898511 0.551374734023 -0.382059334191 -0.0614440805923 -0.00568437925571 0.0138679840024
1.200000	6 -0.438088620255 -0.0841634827765 -0.225259872992 -0.0872579793213 -0.00636502844284 -0.00541329304798
1.220000	6 -0.128388352077 1.17633170004 -0.354338399315 -0.087582620656 -0.00377136000725 0.00818943070627
1.240000	6 0.450066206334 0.649361054402 -1.09952876871 -0.0606528157747 -3.83125535163e-05 0.0147322833482
1.260000	6 0.0751279657395 -0.283539635728 -0.925034875331 -0.0440028997451 0.01560835501 -0.00811749277375
1.280000	6 0.07118163147 0.312340177864 -0.566264507802 -0.0726626875953 -0.0167125897992 -0.000556124993631
1.300000	6 -0.196650341113 0.455259743507 1.29295445052 -0.0967817965229 -0.071814054987 -0.000828814434339
1.320000	6 -0.267200016828 -0.182925080707 0.236768499654 -0.0897833981264 -0.0539902655734 -0.0163258405583
1.340000	6 0.172299706055 1.13077169576 -0.72214616634 -0.0453379603595 -2.14253805084e-06 0.0382984110811
1.360000	6 0.19105826383 -0.587555124127 -1.75895337961 -0.0549546297843 0.0132138499521 -0.0261454356982
1.380000	6 0.143791810168 0.172119473219 -0.619696714131 -0.0750054423666 -0.0179946328447 0.0130708952542
1.400000	6 -0.0814099822505 -0.00196322449624 0.673690826997 -0.106401250896 -0.0619388212848 -0.0111710231529
1.420000	6 0.0451593398848 1.27243356331 0.345374366816 -0.0716179946975 -0.037261118947 0.0233273538087
1.440000	6 0.454202570206 -0.466572434847 -1.33031823239 -0.0488431873064 0.0108094488602 -0.00557931896965
1.460000	6 0.341309095546 0.647144169486 -0.74181689408 -0.0710140329946 -0.0130596835864 0.00775615474671
1.480000	6 0.113117910026 -0.697352198778 0.224379026049 -0.108288297809 -0.0453832285496 -0.00835825927123
1.500000	6 0.210414795619 0.285817633791 1.30468272739 -0.0906546939811 -0.0712900296549 -7.72309107714e-06
1.520000	6 0.372348784941 0.0527532668387 -0.528608956934 -0.0645272995615 -0.00181460968024 0.00174799784471
1.540000	6 0.730695829807 0.873566738089 -0.794406692371 -0.0389679891682 -0.0017745217615 0.0148735829375
1.560000	6 0.620610714663 -0.545067371911 -0.968216821326 -0.0819856570413 -0.0114965446711 -0.014014146633
1.580000	6 0.452989061544 0.198557757973 0.173350030829 -0.108084560301 -0.0599237057261 0.000439203239727
1.600000	6 0.297267389139 0.142408908339 0.71417671756 -0.0957566664382 -0.0637034134129 -0.0121914285477
1.620000	6 0.691438790842 0.750742019466 -0.396323305178 -0.0575095938005 -0.0127343753581 0.0261609881568
1.640000	6 0.933168970323 -0.300952850075 -1.14374573679 -0.0460110605705 0.00204924168208 -0.00399434689054
1.660000	6 1.10199846032 0.135331780071 -0.325814748791 -0.0727720896911 -0.00138140215832 -0.011122099915
1.680000	6 0.673322721155 0.379330382514 0.475248869795 -0.102029262676 -0.0613203022062 -0.0111013102361
1.700000	6 0.342840219531 0.508645206349 0.718288720156 -0.0829695700128 -0.054668777491 0.00297688667129
1.720000	6 0.600328130526 0.743209912284 0.401613191381 -0.062913556424 -0.0445055826171 0.0181099003389
1.740000	6 0.771451848533 0.254305983418 -0.834067991721 -0.0449563376491 -0.00270482225647 -0.000761674729142
1.760000	6 1.52323213439 0.0842295509325 -1.08409130014 -0.0649259016212 -0.00454824448737 -0.00477890415572
1.780000	6 0.785307722779 0.401476725814 0.260965439216 -0.0977478421338 -0.0473122947071 -0.00312700212916
1.800000	6 0.430345130483 0.377257268206 1.28613977336 -0.0845288383512 -0.0894085845797 0.0169590703545
1.820000	6 0.427570404687 0.358875830925 0.570446027404 -0.075367838394 -0.0695255462123 0.00840394645435
1.840000	6 0.692532688808 0.937169260162 -0.145095030548 -0.0663550097159 -0.0146069567597 0.0187569601299
1.860000	6 1.5610621562 -0.374043717675 -1.04174730936 -0.0702498800965 0.00789961044725 -0.0130617030981
1.880000	6 1.38358054319 0.201913894594 -0.824963710244 -0.07248864518 -0.00902176712564 -0.015633914695
1.900000	6 1.58302286092 -0.209639434028 -0.186965885433 -0.0999575432195 -0.0164832761113 -0.0116497308635
1.920000	6 0.539650262984 0.838161631819 0.898784126617 -0.0770799001544 -0.0721480878946 0.00740785641799
1.940000	6 0.594161055151 0.556131691054 0.818182479378 -0.0784517907555 -0.0761953852364 0.0127863493942
1.960000	6 0.797714673232 0.848416506512 0.256187653132 -0.0574822376519 -0.0365371479588 0.00851889245592
1.980000	6 2.02871401043 0.000934593880976 -1.29941648894 -0.0593776484584 0.0395670811089 -0.0317516668163
2.000000	6 1.90186020381 0.135895791898 -1.304475108 -0.0804801947297 0.00302514734596 0.00295960965626
2.020000	6 1.84010809287 -0.479377610606 -0.571759977962 -0.0772357729106 -0.00198147923624 -0.0289234033429
2.040000	6 0.979152956686 0.454745394351 1.06550859714 -0.0991852264512 -0.0812005598681 0.0243654952676
2.060000	6 0.798422219812 -0.135312235863 0.95300040185 -0.0816341400078 -0.0780659460948 0.0174763882704
2.080000	6 0.93984770763 0.945311242626 0.72372871878 -0.0821140034816 -0.0673088442761 0.0247328559884
2.100000	6 2.01039979229 0.112769314017 -1.28222935431 -0.0600497947704 0.0203194274298 -0.0077459348691
2.120000	6 2.29880293981 0.360031777272 -1.15680218189 -0.0649782420649 0.0263308832103 -0.0084204485502
2.140000	6 2.37097392071 -0.39993312218 -1.33810932524 -0.0704961889377 0.0217464326452 -0.0401815077177
2.160000	6 1.34436971588 0.310206042214 0.22307625712 -0.111635866837 -0.0433003101906 0.0102151800977
2.180000	6 1.07271897363 0.109071934053 0.664425156602 -0.0973891233746 -0.0629707098606 0.0177343853017
2.200000	6 0.95523056214 0.893875444735 0.982906411118 -0.0833350752373 -0.0892177397825 0.0291353250893
2.220000	6 1.30410415962 -0.0218705966642 0.406184029915 -0.0614408284303 -0.0435609746351 0.00331080894545
2.240000	6 1.70941381904 0.418017790161 -0.73915071372 -0.0630253418544 -0.0094488207733 -0.00024047675219
2.260000	6 2.30720551741 -0.120639979434 -1.21119233369 -0.0676353866669 0.00824600723824 -0.00323770772908
2.280000	6 2.3571986134 0.0750284096831 -1.18702929928 -0.0627807359626 0.0274911896208 -0.0174456433901
2.300000	6 1.97059258216 -0.0727721692148 -0.73260627911 -0.0871982122896 -0.0220893374369 -0.0111361115395
2.320000	6 1.74907198053 0.755121235118 -0.0396409888286 -0.102012658368 -0.0423854690999 -0.00547275538427
2.340000	6 1.63084746096 0.483336407134 0.185040687286 -0.106540641046 -0.0628035749928 0.0263060326888
2.360000	6 1.46556933652 0.513947589229 0.706122416038 -0.0774517753354 -0.0713086706602 0.0167185589699
2.380000	6 1.5057640581 0.137894879328 1.06711861594 -0.0731179677872 -0.0816775826214 0.013429067793
2.400000	6 2.23718595285 -0.554617095485 -1.00997561701 -0.0613442086553 0.0350703631278 -0.0233374161984
2.420000	6 2.46860827638 -0.241620129113 -0.798496543863 -0.0729758011721 -0.00268504509088 -0.00995664585692
2.440000	6 2.78940552385 -0.301028452782 -1.62281871613 -0.0713272983074 0.0293360851604 -0.0124377592106
2.460000	6 2.82481215078 0.379372763394 -0.313660125293 -0.0751269811599 -0.0252344995842 -0.00168329929342
2.480000	6 2.28238786561 -0.481585119781 -0.370475414896 -0.0849998141431 -0.0152677252349 -0.0328681659405
2.500000	6 2.16211664445 0.661914541091 0.449484730601 -0.0999395659316 -0.066151025685 0.00377387628958
2.520000	6 1.72470659787 0.309771022739 0.115952630833 -0.0919135265764 -0.0520323185859 -0.00325556059872
2.540000	6 1.74201925082 1.13403262922 1.19897748237 -0.080794365095 -0.0847702484399 0.0252091395185
2.560000	6 1.73996446357 0.292014588439 0.665007873008 -0.0721236619749 -0.0583152249434 0.00358197145801
2.580000	6 1.65904523825 0.49147400214 1.14808809101 -0.0711185587556 -0.0942700503303 0.0167830056479
2.600000	6 2.36238422092 -0.00982979864916 -0.506633636077 -0.0639847324169 -5.28808400202e-05 -0.0300822171813
2.620000	6 2.11551634895 0.10757401232 -0.350903775828 -0.067915736649 -0.0316144312497 -0.00762970834208
2.640000	6 2.7756845306 -0.159753361217 -0.826749114716 -0.0700892964386 -0.00288176084547 -0.00737078423434
2.660000	6 3.06038614435 -0.078233547106 -0.956347270286 -0.0631443818958 0.0128895877193 -0.00210880136624
2.680000	6 2.91932703155 -0.789925891743 -0.75097687709 -0.0662925104646 -0.019488170384 -0.0233461386807
2.700000	6 2.46548027088 0.140929531285 0.118391617633 -0.095559969853 -0.0443850845528 0.0115878140427
2.720000	6 2.24224327527 0.661739362927 0.697474364472 -0.0993774358341 -0.0697898654569 0.0100595093672
2.740000	6 1.98835529655 0.900494884034 0.172977505607 -0.0909451183978 -0.0459395849583 0.0155277005818
2.760000	6 2.38277580713 0.550961212941 0.26381373801 -0.0915904844799 -0.0491367166685 0.00525670681774
2.780000	6 2.47886385699 -0.232581372202 0.636035879313 -0.0769013165798 -0.0601052881801 0.00118813495077
2.800000	6 2.41311250806 0.679191494847 0.815970150776 -0.078094013773 -0.0554248818057 0.0116961168538
2.820000	6 2.76380721903 -0.113522733199 0.279796204978 -0.0817548739661 -0.0490036155226 -0.00939674703577
2.840000	6 2.62247515049 0.23141846197 0.851414118705 -0.0833013673154 -0.0569548087556 0.0208048457109
2.860000	6 2.63984753936 -0.154456488165 0.418012949855 -0.0691652386766 -0.0346476334535 -0.0189605588045
2.880000	6 2.68149499724 0.261942528779 0.108388090636 -0.0746140716253 -0.0388266180873 0.00390400833752
2.900000	6 3.18149327521 -0.509230719258 -0.430266875015 -0.069820086876 -0.0341487339815 -0.0172167680738
2.920000	6 3.71163495047 0.0733048168908 -0.75291756693 -0.0634086236276 -0.00389188242334 0.00359970572195
2.940000	6 3.51310373178 -0.54744929715 -0.966168395105 -0.071294752068 -0.00423902281717 -0.0295847734397
2.960000	6 3.73245951286 0.316341774372 -0.738285980279 -0.0735061272319 -0.0124328902253 -0.0159439669739
2.980000	6 3.53177386109 -0.129015625569 -0.591122544737 -0.0795248379995 -0.0421743442638 -0.0192726087298
3.000000	6 3.31181495828 0.43957374696 -0.574970714464 -0.0712374107793 -0.00692041381895 -0.0175544967105
3.020000	6 3.65568101013 0.722447736151 -0.351773021333 -0.0787983034166 -0.0303379077545 0.0205596256731
3.040000	6 3.22009603409 0.0139065539352 -0.581010304386 -0.0692724079273 -0.0320075300408 -0.0258649549896
3.060000	6 2.94783638157 0.61977266171 0.32274554529 -0.0880603298822 -0.068606637577 0.0070583187053
3.080000	6 3.48427190626 -0.136242995806 -1.01158108848 -0.0761380588842 -0.0185226211814 -0.0298875824854
3.100000	6 2.44929105746 1.40518605787 0.28679519479 -0.0892112379941 -0.0651337507443 0.0195774374182
3.120000	6 2.94740695205 0.828236638743 0.0204630400728 -0.0698942366288 -0.0572350816568 -0.000254540935439
3.140000	6 3.16900152562 0.622345912077 0.0633004019057 -0.0823483325784 -0.0412500925018 0.0110496702399
3.160000	6 3.0979252711 0.574904851624 0.580200641082 -0.0780432632282 -0.0614968741823 0.00282304416178
3.180000	6 3.04940831019 0.913773465728 -0.46681788397 -0.0809673827564 -0.027482428941 -0.00568178484132
3.200000	6 3.09737836308 0.554320908297 0.676551651522 -0.0909631740652 -0.0871415677474 0.0195577046786
3.220000	6 3.34937630869 0.222423285569 0.131482939089 -0.0755165382515 -0.0505816745891 -0.0173941950554
3.240000	6 3.2092199373 0.781419865224 1.00416146561 -0.094314077279 -0.0959240459873 0.0106336540116
3.260000	6 3.21000726316 -0.0267002479985 0.559620890053 -0.0664585926471 -0.0659223323093 -0.0139239410821
3.280000	6 3.24132991317 0.777579309782 1.13382478991 -0.0818478147947 -0.10095372654 0.0251238118964
3.300000	6 3.71798619896 0.0143641102616 0.554104993249 -0.0703727020011 -0.0712851143175 0.00115073800932
3.320000	6 3.43811129483 0.528812310092 0.260852039645 -0.0796184685913 -0.0679704746179 0.0240546496113
3.340000	6 3.67665750461 0.339335866916 0.769900603531 -0.0748167107421 -0.0883854171057 0.0087112865831
3.360000	6 3.80919205205 -0.0731870077298 0.132887533534 -0.0738024200646 -0.055142195535 -0.00420503601237
3.380000	6 3.63966619102 0.846418018348 0.696633445661 -0.0782894138934 -0.105410479743 0.0182160187021
3.400000	6 3.81325543166 -0.704380948072 0.514110794145 -0.0637471982084 -0.071606082948 0.000250815119039
3.420000	6 3.50394093681 0.653440673709 1.61143688923 -0.0749244124634 -0.10364922241 0.00892263890395
3.440000	6 3.89366766425 -0.32756713851 0.905016779965 -0.0637226698012 -0.0676241530802 -0.0108675220665
3.460000	6 3.78516712501 0.129282348627 0.825845996718 -0.0679972507263 -0.0845802989313 -0.00648567187093
3.480000	6 3.80061512956 0.871228197882 1.03868121068 -0.069724406552 -0.0810072021385 0.0119462138501
3.500000	6 3.9359177167 -0.0156463113507 0.456203795343 -0.0798416156918 -0.0507368879125 -0.00893824290523
3.520000	6 4.22989699796 0.473245952997 1.08378198104 -0.089556931498 -0.10168778311 0.0201189404246
3.540000	6 3.84664456393 0.0348367074524 0.320372292487 -0.0778780689685 -0.0640545367955 -0.00646975337051
3.560000	6 4.1548869167 1.22272492066 0.306729789583 -0.0991381505055 -0.0605912404309 0.0255702746296
3.580000	6 3.98072638425 -0.183470789624 0.888711633214 -0.0816066401641 -0.0839072309713 0.0111845781905
3.600000	6 4.18805942864 -0.404456196122 0.438032091763 -0.0913695000995 -0.0390980249145 -0.00990886841776
3.620000	6 4.13142102157 0.694225174863 0.378296644109 -0.0949036167141 -0.0624988889991 0.018192144597
3.640000	6 4.49757834762 -0.186301295085 -0.653087218174 -0.0762271967871 -0.0178123510117 -0.00694604435532
3.660000	6 4.28803249459 0.854713256152 0.436806631811 -0.0921037046917 -0.0701270989794 0.0262095212997
3.680000	6 4.63269997308 -0.151983125351 -0.507015900888 -0.0702677952769 -0.0121027613894 -0.0130534875005
3.700000	6 4.80811317222 0.224627516945 -0.570464713598 -0.070571437555 -0.0370360804134 0.0111922659054
3.720000	6 4.52075226121 0.364856236604 -0.333697230336 -0.0763844655868 -0.0208620559896 0.000490975199927
3.740000	6 4.8073271506 -0.909814578252 -0.170456926629 -0.0578917703303 -0.010299262959 -0.0290951898271
3.760000	6 4.69197972364 0.253857995584 0.44290460673 -0.076432719266 -0.0501941117791 -0.00605047003003
3.780000	6 5.06283049617 -0.877086027848 -0.397052231402 -0.0713962520774 -0.0342382681642 -0.0316002769173
3.800000	6 5.0763569783 0.127687570688 0.315368116021 -0.0685196674858 -0.0454771337477 0.00345262910819
3.820000	6 4.79466812377 0.00730473348424 0.030399086186 -0.0844688247208 -0.0268602761972 -0.00578009746927
3.840000	6 5.61634995009 -1.03259023048 -0.459708427173 -0.0747307647087 -0.0291708448898 -0.0229793138448
3.860000	6 4.77260650828 -0.306186165839 0.979133710454 -0.0898256472062 -0.0541444507377 -0.0129789481885
3.880000	6 4.95453194569 -0.990119593662 0.600426526292 -0.0786710152133 -0.045315108518 -0.0344682097476
3.900000	6 4.57522542014 0.415157409553 0.496904723564 -0.0820306355459 -0.0692215210707 -4.61904109724e-05
3.920000	6 4.21700894426 0.649710609048 1.57080967557 -0.0818678894499 -0.108718571413 0.0138670739368
3.940000	6 5.08822913942 -0.330351892393 0.847480285313 -0.0934388276856 -0.0791155045381 0.0152063844511
3.960000	6 4.66222325112 0.878617811979 1.57573971491 -0.0848052018177 -0.106570517588 0.0293040165403
3.980000	6 4.90354743267 -0.704864783105 0.65595234638 -0.0730201425926 -0.0664675555173 -0.00571966162205
4.000000	6 5.01812403799 -0.173732033054 0.876502639605 -0.0758985596126 -0.0960956011348 -0.00755522183938
4.020000	6 5.25992876932 0.713584662317 0.767828037382 -0.0885730200001 -0.0776576712777 0.0144541560293
4.040000	6 5.81508679416 0.0832433501046 -0.73396501175 -0.0775258007472 0.0091937218084 -0.00823664360635
4.060000	6 5.4765137944 0.427072255643 -0.016000678606 -0.0901362416468 -0.0354376074803 0.0113940176542
4.080000	6 5.84660167442 -0.394892440392 0.103642913054 -0.0759567169462 -0.0150249332909 -0.00830289722773
4.100000	6 5.56101693113 -0.843729153903 -0.0776744215293 -0.073919259966 -0.028515662295 -0.0356253090914
4.120000	6 5.08785079093 -0.393126612077 0.44627862648 -0.0892880280312 -0.0765079383758 -0.00922008832964
4.140000	6 5.52972035287 -1.05924627728 0.206866495444 -0.0835710290493 -0.0522108010664 -0.0293631789104
4.160000	6 4.91874856419 0.442493655256 0.571600896981 -0.0927628816514 -0.0627781153569 -0.0115062750753
4.180000	6 4.88067714078 0.495956842822 1.38656001266 -0.09193568882 -0.107957126784 0.0206137584143
4.200000	6 5.64307573422 0.257860974319 0.324229608518 -0.0849535111352 -0.0599883002035 0.0114881887737
4.220000	6 5.18489311114 0.535543979128 0.833465427798 -0.106595617199 -0.0864475540211 0.0443918838371
4.240000	6 4.88602649 1.18814947717 1.42491155543 -0.0946617348662 -0.10960815461 0.0323031592373
4.260000	6 5.55109677764 0.377921417784 0.189140778138 -0.086160636996 -0.0398928628087 0.00206763446888
4.280000	6 5.69662092978 -0.290050536767 0.355594451926 -0.0788689744961 -0.0378556621393 -0.0139684318384
4.300000	6 5.89159794101 -0.547652551047 0.115461059523 -0.0591431915087 -0.0243502457919 -0.0409600173509
4.320000	6 6.26894053604 -1.21230249733 0.146973095556 -0.066391586708 -0.0301751636676 -0.0386935658092
4.340000	6 5.69770349857 -0.26506553617 0.656149755406 -0.0896877529641 -0.0652348688476 -0.0184261014791
4.360000	6 5.15710496152 0.429035299715 1.32984707705 -0.0875785797013 -0.107979222471 -0.0113278525563
4.380000	6 4.84256133761 0.102182057733 2.06218268226 -0.0911742189797 -0.121775800083 -0.013513763417
4.400000	6 5.67093186903 0.971799587675 1.22668631541 -0.108440258392 -0.111768467249 0.0427042418918
4.420000	6 6.36001897873 0.205091500011 0.178025257924 -0.0914481969742 -0.0164152847041 0.00535802820986
4.440000	6 6.26797901288 0.358584847872 0.247600106689 -0.0904613622594 -0.0121232205804 0.00579856416827
4.460000	6 6.37269993349 -0.737852445613 0.0971757582915 -0.0681326225619 -0.0416953081303 -0.0244487513325
4.480000	6 6.13016061891 -1.34473766187 0.65574630987 -0.0599398581028 -0.04132080651 -0.0496819195826
4.500000	6 5.22318107215 0.048505512469 1.70978945973 -0.0923855038815 -0.123316793346 -0.00995293170423
4.520000	6 5.25847095734 0.109654296977 1.8363310035 -0.10159566518 -0.129755126686 0.00551356937016
4.540000	6 5.78285233442 0.732521681898 1.33249440715 -0.109977746855 -0.124722505729 0.0448919744684
4.560000	6 6.56422891419 1.24050814397 0.160068147065 -0.100768256056 -0.0359674362274 0.0187318804212
4.580000	6 6.48414556493 1.06569021493 0.00913635116897 -0.112418642689 -0.033658746003 0.0153196159478
4.600000	6 7.02896568199 -0.713022736336 -0.150377930981 -0.0597113643153 -0.0204739750508 -0.0377781819844
4.620000	6 6.64050761307 -1.00513484628 -0.0107707575755 -0.0680477194172 -0.0217033914924 -0.0409402241518
4.640000	6 6.27037163208 -1.19184821638 1.32580420662 -0.0708243615148 -0.0836517987689 -0.05769544943
4.660000	6 5.75938666142 0.367443360516 1.82689823796 -0.089366704165 -0.117790399679 -0.00673901316145
4.680000	6 5.39638523174 0.424030792083 1.89371147716 -0.0991471412952 -0.135505720902 -0.000925121843723
4.700000	6 6.04772307098 1.44466086696 1.07871225435 -0.107187622087 -0.0838575238402 0.0343380963827
4.720000	6 6.94581397092 0.414767900113 -0.112091959835 -0.0923625066227 -0.000585656424436 -0.00410459585103
4.740000	6 7.26776572068 -0.260380937694 -0.212036112253 -0.0770859367516 -0.00450852144883 -0.00651249156624
4.760000	6 6.55861749386 -1.22419754644 1.33312379228 -0.067250741924 -0.0773326381336 -0.0584543486038
4.780000	6 5.62536517311 -0.280916282966 2.28696757715 -0.0992137485264 -0.123781221699 -0.0303370380854
4.800000	6 5.68283662623 -0.305964455917 2.23040374583 -0.0874731865 -0.13530101561 -0.0236313759464
4.820000	6 6.53787407764 0.996860536634 1.38592895194 -0.109734464912 -0.112475243497 0.0532342118622
4.840000	6 7.6856169174 0.375864592091 -0.577770264031 -0.0980268721322 -0.0178255180821 0.011768543916
4.860000	6 7.87284807237 -0.0899664748718 -0.814093773721 -0.105515424665 0.0066127524902 -0.0166942937449
4.880000	6 6.58133754033 -1.34777556095 1.31325812381 -0.0777672044463 -0.0906144341882 -0.0527467556529
4.900000	6 5.47989531467 -0.532462178068 2.59820345266 -0.081067522353 -0.164192274399 -0.0263260449642
4.920000	6 6.46365993765 1.35048870366 1.25071068148 -0.0968923465812 -0.104893198553 0.0393024159617
4.940000	6 6.53559598371 1.82900424493 1.14609721501 -0.115860619922 -0.0997673402784 0.0527110173859
4.960000	6 7.80337613292 0.0357336397573 -0.0659522489413 -0.11521716583 -0.0246921622702 0.00127972418041
4.980000	6 7.01263942141 -1.57977950946 0.597117543529 -0.0752312135411 -0.0626098350589 -0.0692150952373
5.000000	6 6.39508981319 -1.87427391048 1.33087403693 -0.0794051637684 -0.102701901128 -0.0697976274267
5.020000	6 5.94221568838 0.187042140377 2.38032705953 -0.0873531249163 -0.160309725266 -0.000894332980287
5.040000	6 7.48259669838 1.71978604682 0.506747756277 -0.119420119345 -0.0275220806395 0.0300227290612
5.060000	6 7.81354648813 1.12621631607 -0.11443816271 -0.113917735095 -0.0179791282297 0.011093022887
5.080000	6 7.58936031903 -0.768330715463 0.593297416366 -0.0831448764247 -0.0367146418219 -0.0325389604918
5.100000	6 6.26967046664 -1.2818216638 2.12508640785 -0.095021076742 -0.127242563392 -0.0636010273291
5.120000	6 6.49726689378 0.559470090974 1.5842068104 -0.102847064473 -0.116985676099 0.00930528596361
5.140000	6 6.83710183101 1.48181385931 1.65691449105 -0.115137597793 -0.125184143932 0.031628484813
5.160000	6 8.28539039276 1.23018713096 0.095394453538 -0.108902981043 -0.00293493334959 0.00436646998498
5.180000	6 8.64205381541 0.0238558220778 -0.19233569963 -0.102642597685 0.00580955840899 0.0102262069063
5.200000	6 6.30270997183 -2.01455139028 2.58133451869 -0.0855120707485 -0.148176456187 -0.0570278522207
5.220000	6 6.12954143438 0.410735045275 2.29900087503 -0.101857793679 -0.174702347643 0.00495688202655
5.240000	6 8.11216693581 1.42520168437 0.172072571046 -0.122436170313 -0.0187740569987 0.0301798660018
5.260000	6 8.64000186992 0.829479174241 -0.0667651475456 -0.128618320243 -0.00733088815714 0.0234938856552
5.280000	6 7.53022126979 -1.23570528954 1.07612498876 -0.0869823223287 -0.0542852384358 -0.0519873548231
5.300000	6 6.12784270161 -0.883381022618 3.71686393475 -0.0948128680377 -0.199398231355 -0.025531309436
5.320000	6 6.35676794485 -0.402975395455 3.25112014105 -0.0910088825397 -0.195344109028 -0.0104766991377
5.340000	6 8.55828033874 0.937320960319 0.355316556085 -0.121198022555 -0.0128541172977 0.0350826079698
5.360000	6 8.23245182483 -0.598163173308 0.681850443947 -0.0934319853409 -0.0329185751359 -0.0124507912319
5.380000	6 7.69261604216 -0.786498605742 1.32414560251 -0.0846578593063 -0.0720496134811 -0.0374306046904
5.400000	6 6.26201701163 -1.25253418891 3.29595078538 -0.103522734954 -0.182208322955 -0.0364259945348
5.420000	6 6.30008792525 -1.08927620498 3.15839273619 -0.0977969813025 -0.205497274279 0.00866178029598
5.440000	6 8.23992042177 1.20175936245 0.476585420779 -0.133484713622 -0.0368558068453 0.0486429780514
5.460000	6 8.08215161016 -0.0984033035638 0.905733774064 -0.0875623777683 -0.0386250623453 -0.0265525287849
5.480000	6 6.13481855621 -0.995185176261 3.41710358894 -0.0981376653201 -0.207551178378 -0.0275347205591
5.500000	6 6.35193519405 -0.859060064244 3.50411243488 -0.0986437132039 -0.21337434225 -0.00583009799425
5.520000	6 8.70686804964 1.12613788863 0.574184761379 -0.125555401629 -0.0313551352206 0.0155102218495
5.540000	6 8.51171862427 -0.727897544061 0.876060765185 -0.100883614203 -0.0404561789235 -0.0225664288796
5.560000	6 6.25983499209 -0.975799713397 3.53242240579 -0.0942224073682 -0.224562492329 -0.0305170796616
5.580000	6 6.24533381345 -0.64070719468 3.79213528695 -0.103373610449 -0.226489535827 -0.00905270958654
5.600000	6 7.09850694847 0.282919003915 2.67563103247 -0.0972616548771 -0.173813402226 0.00862970096856
5.620000	6 9.57260684876 0.265805993512 -0.43906352314 -0.134845362753 0.0143913692765 0.00889128758945
5.640000	6 6.79603976906 -0.553221117979 2.25637291641 -0.0993482116026 -0.150099891624 -0.0346699019944
5.660000	6 6.89000068491 -0.406299056328 3.15639554262 -0.105405346026 -0.203662626245 0.00794613403564
5.680000	6 7.60269011025 0.506953764406 1.7448333946 -0.108336535765 -0.14274391212 0.0138547825032
5.700000	6 9.61075270939 0.00247526550966 -0.0970801788026 -0.105102073639 0.00649406878602 0.00621193766401
5.720000	6 6.95156443932 -0.81075577818 2.93710045949 -0.10481922871 -0.163371943741 -0.0366077313934
5.740000	6 7.64784739873 -0.270997163272 2.77531302804 -0.114288061724 -0.157777119862 0.0173952325688
5.760000	6 8.78826939575 -0.353228282845 1.33488858201 -0.113980734419 -0.079771207859 -0.00854532965868
5.780000	6 8.68657785707 0.237189410567 0.914113766595 -0.126693012553 -0.0366323172553 -0.0152908288139
5.800000	6 8.09652879642 -0.563452889002 1.65400307879 -0.101745525854 -0.0922756001302 -0.0209319612966
5.820000	6 6.7354323441 -0.582134503827 3.69763218608 -0.10140095744 -0.22257191085 -0.00698774322096
5.840000	6 9.12859043548 0.514830233538 0.394615590167 -0.129784051717 -0.0510195314961 0.0077161309577
5.860000	6 9.71219234223 0.0833333820004 0.123957921007 -0.124227777805 -0.00173101177644 0.000466551638661
5.880000	6 7.73561559111 -1.32544721145 2.74956776706 -0.105852320145 -0.154521076862 -0.0306337046952
5.900000	6 7.52071841416 -0.0170523078623 3.30051737407 -0.112689256348 -0.170920068553 -0.00161468768517
5.920000	6 9.65470839837 -0.394349793527 0.54354080796 -0.129625794135 -0.0056246024695 -0.0106170292822
5.940000	6 9.37176351787 -0.805818520483 1.02919272561 -0.111015424584 -0.0355040887796 -0.0507213536146
5.960000	6 6.89054425666 -0.207201340996 3.86604396195 -0.113875179777 -0.248623153073 0.00460138155944
5.980000	6 9.08904426907 0.551378213499 1.36325587301 -0.125118189288 -0.0746490818685 0.0147841984236
6.000000	6 9.78523475942 -0.112284635549 0.661509880609 -0.116564951672 -0.0271411014029 -0.0205360527034
6.020000	6 8.1955529721 -0.638216141524 2.04445268899 -0.108153308468 -0.123987933521 -0.0431218895266
6.040000	6 7.62162181733 -0.0129180939932 3.35776960913 -0.101382047955 -0.185923153404 -0.0154299771136
6.060000	6 9.82249524751 0.0577179680057 0.369940540974 -0.115430992901 -0.0275286965942 -0.0145274196041
6.080000	6 9.22143707062 -0.59913508395 1.39478974287 -0.103015386281 -0.0665935821953 -0.0260647051877
6.100000	6 7.60793470636 0.0766534338755 3.62762416944 -0.11338746289 -0.232866985411 0.000933693295286
6.120000	6 7.67877681985 0.118335760086 3.69776907878 -0.110557639874 -0.194827798192 -0.00579118962637
6.140000	6 9.93983255175 -0.0546400160699 0.937702451354 -0.115982672519 -0.0461099094748 -0.036054287197
6.160000	6 8.24144763469 -0.685079765189 2.75685538919 -0.117648889596 -0.137391138867 -0.0553506441207
6.180000	6 7.67323105553 0.0316888039985 4.15127157899 -0.114149232676 -0.220743103143 0.00876053464612
6.200000	6 9.41010410141 0.0592575746107 1.50903448716 -0.101023286407 -0.0932969564317 -0.0207773722457
6.220000	6 9.29360501663 -0.508548671252 1.79781114088 -0.0998554786331 -0.0886275681846 -0.0343200929532
6.240000	6 8.23554498279 -0.483510000259 2.75574209337 -0.125052760435 -0.147584194354 -0.0300193451223
6.260000	6 7.92801505793 0.0523131854438 3.76200027039 -0.111887416697 -0.191225247167 -0.00945084374915
6.280000	6 10.3782004918 -0.477052005809 1.25562373886 -0.103933405149 -0.046834672835 -0.0226059034009
6.300000	6 8.06557720884 -0.00422174855612 3.89316098166 -0.112302486916 -0.199564375169 -0.0129248549711
6.320000	6 7.84237135941 -0.320152345629 4.42901667806 -0.114565610101 -0.227799601275 -0.00762393263755
6.340000	6 10.2856723665 -0.118828158927 1.25012599135 -0.102968603043 -0.0540030626727 -0.0242046395572
6.360000	6 8.8859199317 -0.641232167559 2.73632452484 -0.114299265128 -0.117992939651 -0.0464526267911
6.380000	6 7.95048103042 -0.692916984947 3.86778108333 -0.129327969268 -0.206119439811 -0.0268803253397
6.400000	6 9.15225254415 0.159400820032 2.74194212676 -0.113849212538 -0.136078050031 -0.0159958439828
6.420000	6 10.0682738531 0.193957833396 1.87932169605 -0.113611585386 -0.0692974255278 -0.00140779650822
6.440000	6 8.90002077569 -0.598493442606 2.71645012251 -0.113620291286 -0.148300968388 -0.0235636692615
6.460000	6 8.53074023749 -0.211856873674 3.58193670202 -0.105448100008 -0.187542278277 -0.00504449432145
6.480000	6 10.5477942119 -0.540834179855 1.43524205081 -0.107372212584 -0.046368522899 -0.0351295096598
6.500000	6 9.21958629412 -0.33442754276 2.54660245148 -0.0990662683953 -0.10649017123 -0.0525248846196
6.520000	6 8.09224878591 -0.00589381128376 4.06304459267 -0.125959540426 -0.226382653524 0.000779431189464
6.540000	6 10.9765012426 -0.0698746798723 1.38829666453 -0.129492967298 -0.0589465362422 -0.0215042021367
6.560000	6 10.6754593586 -0.615721914694 1.22731333148 -0.109449670594 -0.0649988017072 -0.039834793602
6.580000	6 8.02148786547 -0.234964527101 4.72522405763 -0.11137345626 -0.249178889282 -0.00133011536563
6.600000	6 10.389351788 -0.240552684178 2.16722993428 -0.111976542708 -0.0944118618677 -0.0146947106325
6.620000	6 10.5323680461 -0.449672372296 1.88557328975 -0.104697942448 -0.0548979010663 -0.0464033675704
6.640000	6 8.2876605456 -0.355610501488 3.943558539 -0.111346712054 -0.21381942463 -0.0148649859756
6.660000	6 8.3775596844 0.16068967743 3.96307862052 -0.118367468368 -0.216900576247 -0.0075178315624
6.680000	6 10.622057248 -0.428774805182 2.13676525191 -0.102940551088 -0.062216262802 -0.0373974719415
6.700000	6 9.00016300495 -0.619676202697 3.16503605389 -0.103766869064 -0.148174718167 -0.0517096377162
6.720000	6 9.28013841251 -0.154539027217 3.61663629361 -0.113798913191 -0.179422936503 -0.00620329789207
6.740000	6 10.2446948172 -0.41303535007 2.63052209206 -0.113290921509 -0.11345689023 -0.026805037987
6.760000	6 9.66846747537 -0.678471989644 2.89181883213 -0.125004314179 -0.135977393859 -0.0288223631465
6.780000	6 8.83417237103 0.355003344814 3.94015128462 -0.121424914168 -0.203328576319 -0.00812760963905
6.800000	6 10.0395064 -0.341485806741 2.89423325886 -0.113503467534 -0.138692069555 -0.0178739954051
6.820000	6 10.5708335321 -0.866468201067 2.08622468029 -0.100009841606 -0.0756643608452 -0.04796024165
6.840000	6 9.56172081895 -0.58590739065 2.87681919681 -0.118295442675 -0.143947334695 -0.0314781437528
6.860000	6 8.95635859576 0.0207277334814 3.89550176665 -0.10582872002 -0.202955944067 -0.00667825265631
6.880000	6 10.8017109106 -0.511244046656 2.03187578345 -0.106847661826 -0.0813854718663 -0.0552375424266
6.900000	6 9.05503223803 0.228390875797 4.25556666719 -0.12726640346 -0.229391638235 0.00863813181259
6.920000	6 8.92678668759 -0.287383346148 4.07521007824 -0.126822117095 -0.209263436965 0.00353622253336
6.940000	6 11.480637607 -0.736706600186 1.9974188371 -0.107291652797 -0.0835636818946 -0.0393282359236
6.960000	6 9.30330492797 -0.400526142005 3.70176324111 -0.117057846679 -0.193252414072 -0.0285881607166
6.980000	6 8.67349076638 -0.44141886241 4.30539787866 -0.127555598024 -0.266863590012 0.000668841400403
7.000000	6 10.9871843613 -0.498036349543 2.02694196711 -0.130885216507 -0.113068557875 -0.0289700795526
7.020000	6 11.3501306681 -0.558595297985 2.19729332185 -0.114286505699 -0.0854557409927 -0.0273915210926
7.040000	6 8.82687153859 0.303342050678 4.37956919122 -0.113043777144 -0.221924229852 -0.00798758429939
7.060000	6 10.3180646193 -0.276429549356 2.82684945277 -0.115218640045 -0.13470960157 -0.0269687175
7.080000	6 10.552971372 -0.695894223327 2.67642171799 -0.0973390728167 -0.107802329444 -0.0600690930626
7.100000	6 9.84634469592 -0.514480246287 3.58301710744 -0.106314104341 -0.17942806266 -0.0453441340031
7.120000	6 9.49558227516 -0.174540168815 3.94230305158 -0.128247679607 -0.208584254866 -0.00290267030806
7.140000	6 11.3328709165 -0.495515661484 2.37696511335 -0.11037360272 -0.0632632879527 -0.0561897342669
7.160000	6 10.2680358118 -0.438702815247 3.1587253808 -0.121374267104 -0.151613041816 -0.0438008384869
7.180000	6 9.27730940288 -0.277025798276 4.11153929016 -0.125737642236 -0.232671126274 -0.00549722836981
7.200000	6 11.5561365419 -0.854015193575 1.98550685827 -0.118199168616 -0.0858551536859 -0.0481464599448
7.220000	6 10.9890656685 -0.777721691608 2.67554899738 -0.0937870425103 -0.124585509593 -0.062245592
7.240000	6 9.45741869886 0.0921009489579 4.36638204473 -0.133284877635 -0.23844888959 0.00200955271141
7.260000	6 11.3571012523 -0.187549712462 2.75812512673 -0.120730757264 -0.0934463345994 -0.0306087295415
7.280000	6 9.8628255568 -0.642209918071 3.81813453249 -0.121535906333 -0.176774995935 -0.0331682357874
7.300000	6 9.0819857362 -0.117991353045 5.13516587289 -0.14231349872 -0.257718306726 -0.0157887064094
7.320000	6 11.069825222 -0.00200690904729 3.28437576181 -0.120326878939 -0.142641348886 -0.0361964546495
7.340000	6 10.5908474643 -0.344933762115 3.27470329229 -0.124744271728 -0.152351677385 -0.0613863945882
7.360000	6 9.16808138382 0.0186264022926 4.48436923125 -0.14606136823 -0.253554788315 -0.0127566260411
7.380000	6 10.4455347012 -0.264798346771 3.8146350493 -0.128851498815 -0.196907361627 -0.0168139301553
7.400000	6 11.3336818908 -0.635975350816 3.11923962212 -0.127882174279 -0.121957481765 -0.0156261280538
7.420000	6 10.4032960354 -0.257349306496 3.3288627752 -0.113425749021 -0.163382283036 -0.0443980222936
7.440000	6 9.45105011923 0.0211374896539 4.59175118727 -0.130256527608 -0.241377131951 -0.0148378081953
7.460000	6 11.4066838609 -0.75150130801 3.10915663518 -0.119402379819 -0.125516432403 -0.048992952806
7.480000	6 11.2189001715 -1.01796035544 3.29346933831 -0.11339662917 -0.109905736504 -0.0598150306448
7.500000	6 9.55124846066 -0.165632178154 4.87718054856 -0.127623005312 -0.260090262783 0.00943957555208
7.520000	6 11.373366338 -0.0956711128362 3.37469377559 -0.115338547012 -0.128077813432 -0.0234435465324
7.540000	6 11.0446893238 -0.744294242011 3.78953144672 -0.107110797792 -0.147530567588 -0.0495522379521
7.560000	6 9.85332927985 -0.352892065971 4.68611382818 -0.131332976847 -0.22747077303 -0.019837372232
7.580000	6 10.7706902991 -0.57291915263 3.96623258122 -0.11759623769 -0.175727293434 -0.0225260583221
7.600000	6 11.1213571456 -0.927168353976 3.77226085003 -0.119505383842 -0.15563952446 -0.0326599819978
7.620000	6 10.4112010099 -0.519153652376 3.98866831304 -0.135079939738 -0.182637704407 -0.047467037101
7.640000	6 9.923287232 0.308274292297 5.24460458402 -0.154063976863 -0.240797391785 -0.00171454509895
7.660000	6 12.1919296613 -0.725988681559 3.1529573191 -0.105976161529 -0.111091514567 -0.046074560186
7.680000	6 12.2781381203 -1.63766281052 3.25276819719 -0.0975222535455 -0.104010506148 -0.0757152625561
7.700000	6 10.1340548464 -0.0903615532818 5.23179705222 -0.122363185378 -0.251805848272 -0.0300208888384
7.720000	6 11.6576994558 -0.497860366312 3.80992252247 -0.132857123255 -0.149368702439 -0.0326212663358
7.740000	6 12.1272618363 -0.437765980605 3.65612741859 -0.125237351161 -0.140927764225 -0.0363525631597
7.760000	6 10.3124636757 -0.784524018126 4.72982259882 -0.131618870896 -0.223257349463 -0.033264570974
7.780000	6 10.3772135835 0.081139436297 5.19702785043 -0.150999904328 -0.243815611166 -0.00267332802025
7.800000	6 12.7662380055 -1.20447918679 3.29083495449 -0.106850768951 -0.094816586222 -0.0487077938306
7.820000	6 12.3323490629 -1.4438790708 3.36021961879 -0.106785222547 -0.123571419369 -0.068711973796
7.840000	6 10.3393626447 -0.628226703577 5.32093754411 -0.127839037071 -0.273872705623 -0.0028405529398
7.860000	6 12.2657552318 -0.598467211321 3.74107461595 -0.125090931419 -0.148984495509 -0.0407422888142
7.880000	6 12.3013964492 -0.939648755747 3.68876263074 -0.109258232945 -0.139472085226 -0.0507404961808
7.900000	6 10.4694744353 -0.371949379748 4.94563426769 -0.125836862769 -0.238103574467 -0.0354438559413
7.920000	6 10.0283009792 -0.190222495139 5.42726513561 -0.143032371123 -0.268244857452 -0.00477608896405
7.940000	6 12.0934753499 -0.34377737124 4.15873900361 -0.12820751794 -0.181533119593 -0.0142719562854
7.960000	6 12.7189597239 -1.20979707803 3.69003271547 -0.10010004277 -0.120026494488 -0.0734812467537
7.980000	6 10.3175336526 -0.28832623263 5.50284074286 -0.138065149798 -0.286074622936 -0.00151438930093
8.000000	6 10.4199316739 -0.359768191404 5.88984483218 -0.147758380648 -0.272857851958 -0.00224801073375
8.020000	6 12.2099020494 -0.668053488713 4.29799336104 -0.112798077465 -0.139917364693 -0.052587636157
8.040000	6 10.9159425553 -0.986772499606 5.07816167447 -0.142628272916 -0.218545003479 -0.0396056706797
8.060000	6 10.77611537 0.217478879766 5.65995449199 -0.151465236945 -0.255866364287 0.00347613533463
8.080000	6 11.5886454645 0.0325828977694 4.80299104911 -0.13714749693 -0.207610411863 -0.00572769763837
8.100000	6 12.8858244922 -1.2055180563 4.06653045242 -0.10171682592 -0.125052278027 -0.0568618728621
8.120000	6 11.8766753714 -0.970696398896 4.4586120923 -0.113575144001 -0.18184761868 -0.0581026582177
8.140000	6 10.0709277617 0.0134391853654 6.09365316015 -0.14219765167 -0.290112226484 -0.00608799998955
8.160000	6 12.5584154943 -0.90292696076 4.17238104814 -0.123226476782 -0.161468353372 -0.0360044763722
8.180000	6 12.9071058133 -0.640411708596 4.22394950086 -0.109944719206 -0.134047144559 -0.057273302146
8.200000	6 11.0042066784 -0.584946566145 5.01024710829 -0.1131835742 -0.218306834558 -0.0542815709414
8.220000	6 10.4599554492 0.259031617685 5.90515704806 -0.159222325454 -0.281727986446 -0.00765225295273
8.240000	6 12.6416596465 -0.382379870351 4.21187954385 -0.132839398453 -0.164093279055 -0.0378419858266
8.260000	6 13.567958269 -1.13227982414 3.91275198419 -0.115017941535 -0.123425003956 -0.0557017403588
8.280000	6 11.14536522 -0.713918242265 5.30615274464 -0.120779332051 -0.249195101219 -0.0268172171065
8.300000	6 11.4247893216 0.0611769781338 5.55509972302 -0.139279828402 -0.238913204076 -0.0153488414793
8.320000	6 11.8057561306 -0.508173066119 5.12745375063 -0.140840956727 -0.21079676154 -0.0314016529559
8.340000	6 12.9374581173 -1.32878623592 4.38131569042 -0.105832454137 -0.154146080438 -0.0625781315198
8.360000	6 10.572403057 -0.506798007796 5.74188253358 -0.121058529693 -0.269429502649 -0.0329290001668
8.380000	6 11.0784680183 0.626175716038 5.6802760483 -0.158506206016 -0.280904768939 0.00601217524097
8.400000	6 12.2186373794 0.391368212764 5.11530700027 -0.146113228589 -0.208072992654 -0.00508852323215
8.420000	6 13.3160953503 -1.29504113913 4.42918113418 -0.118736972749 -0.146634175725 -0.0744069322699
8.440000	6 12.8312263802 -1.22984595267 4.66968178511 -0.111165915183 -0.180666307013 -0.0738969827672
8.460000	6 10.5604176058 -0.146455056275 6.17149591313 -0.159104097878 -0.322662315924 -0.00818265380538
8.480000	6 12.6811445565 -0.360570603446 5.01039179635 -0.139533864952 -0.188569531159 -0.0169079752355
8.500000	6 12.7815188201 -0.0998871844772 4.98650360932 -0.121423910796 -0.162130293808 -0.0291193273264
8.520000	6 12.5859933996 -1.72446385751 5.11844634755 -0.101550145281 -0.189487822182 -0.0741313496653
8.540000	6 10.6396326495 -0.202809336513 6.0848419288 -0.127647850412 -0.295161762157 -0.0171961421225
8.560000	6 12.0228021875 0.0711858672529 5.59059752626 -0.161543489621 -0.240495692295 -0.0116685412289
8.580000	6 12.8062837601 -0.0807539748419 5.10806868392 -0.144150238975 -0.18619818885 -0.0221416199852
8.600000	6 12.9795214969 -1.53470016178 5.44361922057 -0.116026735574 -0.167116022304 -0.0654892105095
8.620000	6 10.5862980384 -0.461874369059 5.76349227262 -0.143400497238 -0.30958173072 -0.0204709397798
8.640000	6 10.4484380886 0.218350941503 6.36227832084 -0.162562258037 -0.326700665615 -0.00718979727615
8.660000	6 12.4323843776 0.00314078083454 5.39223958169 -0.171759831879 -0.2394834766 -0.00612299687179
8.680000	6 14.2228219797 -1.9538244777 4.63126847741 -0.114710520997 -0.15549200907 -0.057999213359
8.700000	6 11.3428667665 -1.64605852675 6.07661922386 -0.106761020126 -0.260764017533 -0.0766270215716
8.720000	6 11.0932875025 -1.11853913196 5.77292143453 -0.121491570177 -0.297441903015 -0.0398357596832
8.740000	6 10.9526881591 -0.729638964084 6.11360711682 -0.138722940675 -0.310026779813 -0.0210002082228
8.760000	6 12.2762730036 0.345774172739 5.61548798727 -0.154517580694 -0.26775604011 -0.0092603879009
8.780000	6 14.1179413887 -1.3425516747 4.86882446032 -0.108218045672 -0.152883984909 -0.0614738351023
8.800000	6 12.6926211536 -2.01230621824 5.71113185347 -0.1038812433 -0.234688280802 -0.0743877923919
8.820000	6 12.0731215241 -1.42278542375 5.81966056516 -0.101179384899 -0.262189034158 -0.0729539864677
8.840000	6 11.2938229426 0.0774222664522 6.37556916229 -0.180065474487 -0.316070078265 -0.0111725115351
8.860000	6 12.8002585822 0.405675633812 5.83899974478 -0.155280191475 -0.223042636325 -0.0129324152733
8.880000	6 13.4215580484 -0.460835177354 5.40343336156 -0.135009863753 -0.195218615401 -0.0300220374103
8.900000	6 13.4920186502 -2.01755114054 5.70207731622 -0.100385318203 -0.199894016417 -0.0710737059708
8.920000	6 13.1171109666 -1.78469933418 5.54448115213 -0.109887670643 -0.224928547722 -0.0729318620947
8.940000	6 10.8505764121 -0.163279747952 6.46521515319 -0.153042095852 -0.325944787164 -0.0343108800146
8.960000	6 11.7750950848 0.62927953502 6.26537293301 -0.188554080543 -0.285327759682 0.00065617312739
8.980000	6 12.1138153395 0.759447439155 5.97660501458 -0.186791518643 -0.270223689944 -0.00237927903453
9.000000	6 13.773664156 -0.821648569571 5.34431363277 -0.132020349934 -0.188521702238 -0.0453139079355
9.020000	6 12.9356778069 -2.24202802303 6.05127243933 -0.0971921900751 -0.224166754051 -0.0823802302428
9.040000	6 12.3815592452 -1.93086196811 6.11434127462 -0.089906576005 -0.248984227264 -0.0826177862118
9.060000	6 11.1461681556 -0.385070731734 6.56695729123 -0.135738984387 -0.310240879406 -0.0494401244449
9.080000	6 12.4686069799 0.730885555719 6.14268641067 -0.194042722728 -0.285299255916 -0.0040038191653
9.100000	6 12.2624112838 1.19455127215 6.20446328554 -0.192431595349 -0.284444788526 -0.00595965128266
9.120000	6 13.7498712002 -0.465221242702 5.46092738986 -0.142787332696 -0.210578722093 -0.0374080301178
9.140000	6 13.5695796513 -3.01115606398 6.09002527567 -0.0745386114479 -0.225842368787 -0.0737442867191
9.160000	6 11.8854263047 -1.73676597789 6.44956788901 -0.101216008999 -0.272159094159 -0.0742375812291
9.180000	6 11.9475512174 -1.21027882618 6.38918593815 -0.129713941274 -0.287525967816 -0.0671225279014
9.200000	6 11.4558228403 -0.843781694452 6.46192728361 -0.140700685157 -0.318470789117 -0.0451641040993
9.220000	6 11.7984560901 0.748511021567 6.67794278468 -0.181498441241 -0.313612667457 -0.0183198054006
9.240000	6 13.2397138227 -0.0438162545781 6.06979578076 -0.163028138185 -0.230006264792 -0.0148658901091
9.260000	6 13.8990294855 -1.9478144502 6.32223850913 -0.110890558986 -0.227107692244 -0.0739123435617
9.280000	6 13.8230258541 -2.18429693466 6.52493267043 -0.106297416508 -0.241480735342 -0.0686518732037
9.300000	6 13.3199718654 -2.85503703492 6.43640184745 -0.0832767578329 -0.261367423719 -0.0789353776677
9.320000	6 12.1812416387 -0.239637472708 6.01696893148 -0.145628028243 -0.300869442874 -0.0399289985273
9.340000	6 12.4878131538 0.909903161039 6.48862775837 -0.195082595105 -0.303887742164 0.00437104703829
9.360000	6 12.3444081486 0.675213252554 7.07510314475 -0.21257797032 -0.315259554509 -0.00685978480364
9.380000	6 13.2918700854 -0.143614975767 6.34413671951 -0.154886443118 -0.240311479047 -0.0426102255933
9.400000	6 13.285538557 -0.0807355395744 6.43134454445 -0.175878609281 -0.245314845263 -0.0317548123015
9.420000	6 13.6366178982 -1.63945492725 6.63674488605 -0.114661008611 -0.232705263287 -0.0582164997863
9.440000	6 13.3201446212 -2.63702515128 6.93837382251 -0.0949124943675 -0.255230681377 -0.0801156258457
9.460000	6 13.748138427 -2.9862784808 6.69926727888 -0.0785096811674 -0.246922884656 -0.0796300905579
9.480000	6 12.7592348467 -1.50810330385 6.73401574872 -0.119774762292 -0.258819230252 -0.0838182647825
9.500000	6 12.218160592 0.444639301664 6.71678342598 -0.189492945297 -0.319096241408 -0.0207291030748
9.520000	6 12.6290247283 1.38771375794 6.88431493849 -0.202876547358 -0.30733327706 -0.00942408496124
9.540000	6 12.7368332136 0.83875690674 6.67428369293 -0.206601300084 -0.306634220812 -0.00173337937541
9.560000	6 12.3581389028 1.38606425734 6.76642939827 -0.208936006406 -0.314186293932 -0.00549794289503
9.580000	6 13.1622414302 0.988048976722 6.57388109761 -0.173525017977 -0.28534528221 -0.019673706935
9.600000	6 13.5974578719 -1.93303589701 6.83037410265 -0.111788381545 -0.251375266882 -0.0621755034392
9.620000	6 14.1017077458 -2.99644258577 6.92980487846 -0.0740730729903 -0.244470794232 -0.0829865113194
9.640000	6 13.8702639451 -2.63794073024 7.01933591424 -0.109315503715 -0.247731252607 -0.0801878678575
9.660000	6 13.0765071999 -2.56447291169 7.30693202065 -0.0988059101548 -0.277717431722 -0.0790814641316
9.680000	6 13.4145045447 -2.72559563069 7.13441033667 -0.0709232115693 -0.261043443486 -0.0919079254928
9.700000	6 12.7716238416 -1.41784145638 6.74775042788 -0.121706447323 -0.297422672015 -0.0730872519294
9.720000	6 12.1350934359 1.04449902115 6.83569692895 -0.194181635464 -0.3263965362 -0.0229493098218
9.740000	6 12.395100229 1.77195220818 6.7341681228 -0.225555246674 -0.322152496293 -0.0110392889068
9.760000	6 12.3679549261 1.41318212678 6.74366797895 -0.210896903217 -0.327738303471 -0.00588810733937
9.780000	6 12.0812222943 1.02337790944 7.15620660808 -0.214359338919 -0.333886688731 -0.0195040908526
9.800000	6 11.8237374233 1.60022319225 7.07072998212 -0.209347944051 -0.328301031194 -0.00785673470884
9.820000	6 12.9989027966 0.124293525097 7.26794036748 -0.192266139851 -0.311481513595 -0.0189317847265
9.840000	6 13.6488429498 -1.43320011694 7.32446272814 -0.131746605159 -0.26417199842 -0.0610865886552
9.860000	6 13.5234554494 -0.242498048814 7.22094925401 -0.159881203778 -0.28164325478 -0.0432199655667
9.880000	6 13.8311137506 -3.08208577518 7.69245574465 -0.0868308902669 -0.26756741908 -0.0886370179864
9.900000	6 14.3035677888 -3.10223633641 7.59219416689 -0.0688550652099 -0.25638956275 -0.0918180253346
9.920000	6 13.9955970194 -2.51837282767 7.59014205321 -0.0987062350362 -0.284997271218 -0.0781083339269
9.940000	6 13.7919417748 -2.6570842278 7.7222921659 -0.0826131673353 -0.268035205822 -0.0856558045155
9.960000	6 14.5427406602 -2.45564842486 6.7934018112 -0.0963198567187 -0.257344881455 -0.0795456007504
9.980000	6 13.6780252918 -2.67454915502 7.59284508732 -0.0911253603843 -0.269889883646 -0.0852410642755
10.000000	6 13.958282172 -1.72833484489 7.08688469931 -0.118664793917 -0.295219064682 -0.0823623659288
